-4.997883415667168805e+01 -4.339659938146412088e+01 4.407092239180587967e+01
-4.543876469748822444e+01 -4.303581513133606506e+01 3.718436482915581109e+01
-3.942575783415787782e+01 -4.137981787020161306e+01 2.976800855333272011e+01
-4.536562810228609521e+01 -3.355147608215101229e+01 3.541767939312126146e+01
-3.980085111188606106e+01 -3.052811256879345336e+01 2.969177453027305091e+01
-4.626517853372248368e+01 -2.064012799193464076e+01 3.471643127856532374e+01
-3.887235855278244401e+01 -1.685840097590398301e+01 2.886011003235375938e+01
-3.466120050071069159e+01 -2.200414413608552877e+01 2.537605222819161099e+01
-3.138811139421578389e+01 -1.480042730387415872e+01 2.400048355194189753e+01
-2.374004354015914942e+01 -1.827453466581172137e+01 1.999563896101813043e+01
-2.163149768595197031e+01 -1.018795266563081015e+01 1.647399688434848031e+01
-1.259988968334482706e+01 1.198830327460015610e+00 1.494847988303490638e+01
-8.802126685134140871e+00 5.506378030043126870e+00 1.464117661969476103e+01
-1.311275388405273645e+01 1.143070601858214985e+01 1.718341335395848546e+01
-1.072418200523551945e+01 1.773352856395560195e+01 1.593882257225891408e+01
-1.889354696237964504e+01 1.992854963916773769e+01 2.103452051888939422e+01
-2.248161424357026306e+01 2.163520387624949137e+01 2.402861453010564219e+01
-2.780855640124588035e+01 2.177731217691021470e+01 3.001059298361337824e+01
-3.298602019283246989e+01 1.997743916855667834e+01 3.759261020605845260e+01
-3.705534151847496105e+01 2.113001241717842049e+01 4.047959954346265476e+01
-3.666810888823532366e+01 1.536158019909365535e+01 4.366216239889354256e+01
-4.207034461855859320e+01 1.608423784051155181e+01 4.505900602283190892e+01
-4.716742968349698373e+01 4.510716699840713773e+00 4.802699914533627634e+01
-5.512713015336652944e+01 5.601685704396857091e+00 4.805378036453498680e+01
-5.192288032340627524e+01 1.898160761434791510e+00 5.343623704608125990e+01
-5.734689577516017067e+01 7.020673737829927319e+00 5.436461811895537721e+01
-5.069374290920163872e+01 1.013005533776230038e+01 5.936463831027413107e+01
-5.012238200876214478e+01 1.718374846273086121e+01 6.462103607601238764e+01
-4.751955319099032948e+01 1.632218023138548091e+01 6.814269844248065056e+01
-4.937807099598673233e+01 2.139728162846481041e+01 7.740117631940415777e+01
-5.072185555492369247e+01 2.033307540222903498e+01 8.517999783841696626e+01
-5.335883809453527959e+01 2.222643227806769062e+01 9.028112371027282279e+01
-5.161159688539423485e+01 1.763526748730851779e+01 9.709881265798571803e+01
-5.159221042927240575e+01 1.561868826577328484e+01 1.040650526972347052e+02
-4.956856005466268300e+01 9.256838212790739817e+00 1.071806845164255719e+02
-5.041372295738841558e+01 2.096941321630573896e+00 1.056929311007568231e+02
-5.327083575655905179e+01 -7.917638793055989055e+00 1.048331353281987504e+02
-5.382228550314548698e+01 -1.561786882148319577e+01 1.006018817552276232e+02
-5.665975557584473421e+01 -1.403602517874781341e+01 9.380288200405743737e+01
-5.440157868887546755e+01 -2.201058568172749474e+01 9.469179803502174764e+01
-5.715321767458666358e+01 -1.821762299030499577e+01 8.819677676097057883e+01
-5.678245223994316859e+01 -2.787467189171039195e+01 8.791206330503246136e+01
-5.835977046195478835e+01 -2.143343533322208927e+01 8.343003976053569204e+01
-5.838928604294812885e+01 -1.679732308930152840e+01 7.292259083732801628e+01
-5.984372262687366373e+01 -2.921356431786281860e+01 7.628222631127050590e+01
-5.992993198214096395e+01 -3.322603749432182241e+01 6.961739878824778316e+01
-5.923010328267415048e+01 -2.759533563845635129e+01 6.386681740250264738e+01
-5.859859067832633173e+01 -1.752983635805594176e+01 6.313114294683509797e+01
-5.554339388939897049e+01 -1.687823834404234802e+01 5.422022964400616729e+01
-5.178246815220256138e+01 -9.985751793446322466e+00 5.145489861214218763e+01
