-5.718420037238615095e+01 -2.153398321593813236e+01 8.807245405702360586e+01
-5.878436654062580402e+01 -1.820322598738404807e+01 8.116361176087207241e+01
-6.021024807159689374e+01 -2.747197989019273834e+01 7.610204065640846238e+01
-5.779348011430764842e+01 -4.311240111544204723e+01 6.311671196551947105e+01
-4.853477877618283287e+01 -4.188056009754087938e+01 4.108152533759243852e+01
-4.614058225738235564e+01 -2.504516316373052831e+01 3.575135035284461082e+01
-3.843795734881923920e+01 -2.050911197302853850e+01 2.717577505662211479e+01
-1.998397121634130258e+01 -7.685221551635947890e+00 1.491497697372392395e+01
-1.495258412995944752e+01 1.563558721543507701e+01 1.863406145382714385e+01
-2.658804377866515267e+01 2.120489294307019534e+01 2.944907611957842164e+01
-3.937397784688458557e+01 1.700107852110862439e+01 4.414970874912023646e+01
-5.388136083672259957e+01 7.845161436695562429e+00 4.604120005402864990e+01
-5.663888575582689811e+01 5.252333142256276233e+00 5.157421005600713215e+01
-4.857993243536445505e+01 1.535258457261705090e+01 6.464876615617731659e+01
-5.146598940833556668e+01 2.087970387573825448e+01 8.564637068949627974e+01
-5.306823062666119029e+01 2.020664657161198008e+01 9.341377733763624747e+01
-4.985040926814208007e+01 9.672697498825343132e+00 1.069379114060816391e+02
-5.419219026135350248e+01 -9.728655308677751634e+00 1.037520731771767259e+02
-5.433295907085974363e+01 -3.271100185182544351e+01 9.463547300274922236e+01
-5.807682041817746921e+01 -2.147521628818352468e+01 8.518945584102834800e+01
