-5.894372921710345281e+01 -4.246502633444210772e+01 7.434318297864274427e+01
-5.892198041436405731e+01 -4.252054905813479024e+01 7.451954218085370485e+01
-5.896500026108897430e+01 -4.246327567128391678e+01 7.436920442276050380e+01
-5.896046876895104560e+01 -4.250053177300562623e+01 7.441532758482799181e+01
-5.888301988958467348e+01 -4.243472158007215000e+01 7.425363860515199121e+01
-5.896119686515807246e+01 -4.250544313080975201e+01 7.435949395659963557e+01
-5.896972518088927018e+01 -4.249115825444391703e+01 7.432465176700247866e+01
-5.891580562716985980e+01 -4.248844786190995393e+01 7.425260960119408082e+01
-5.897227689056579436e+01 -4.246562730867398017e+01 7.436563558945249497e+01
-5.894191492973348545e+01 -4.246340226921971350e+01 7.434189736036159957e+01
-5.894531944009743540e+01 -4.249873039344173264e+01 7.438259307156749855e+01
-5.893439070278049030e+01 -4.250616704417166858e+01 7.425438668997958302e+01
-5.891908813484728569e+01 -4.245255227660166497e+01 7.429343763456154193e+01
-5.894010564506578476e+01 -4.252430225327757540e+01 7.440774537251081711e+01
-5.893540570643138210e+01 -4.250835062607708892e+01 7.445145781157521014e+01
-5.894818086490388964e+01 -4.249214101795123355e+01 7.442231079071075328e+01
-5.890261954298637193e+01 -4.246587085989772703e+01 7.432946864524615194e+01
-5.891110707607015229e+01 -4.247032795711206177e+01 7.440038415416347561e+01
-5.887310006106831395e+01 -4.247854203246430416e+01 7.435197163489078775e+01
-5.888575690236416449e+01 -4.248590460221840459e+01 7.436975491533416971e+01
-5.893306182235197355e+01 -4.248783009658605181e+01 7.434784114502917873e+01
-5.890694855657260121e+01 -4.247393423617889141e+01 7.430256692237571770e+01
-5.896871852907722200e+01 -4.243394918142413985e+01 7.397123874119415632e+01
-5.892799034418003146e+01 -4.232655389613866959e+01 7.375495885208965774e+01
-5.889533098642908726e+01 -4.226855522443302959e+01 7.353802551223429873e+01
-5.892096719302577412e+01 -4.230858524288146327e+01 7.351147432057268816e+01
-5.895715341051094072e+01 -4.232599098363702694e+01 7.324293927050280217e+01
-5.886512478771314250e+01 -4.231523883288399190e+01 7.309919416958678084e+01
-5.897114698953691914e+01 -4.227027457605431948e+01 7.304953332502145713e+01
-5.892738399485416778e+01 -4.227265123013196302e+01 7.272761170627450156e+01
-5.897512919174025114e+01 -4.229780732164920920e+01 7.249006300589235252e+01
-5.896395993988301143e+01 -4.230826819213828571e+01 7.213067342531826398e+01
-5.893049389730749965e+01 -4.232729824749678471e+01 7.191828057654652184e+01
-5.897884835847457907e+01 -4.230731784432430231e+01 7.195602162520799538e+01
-5.890739620512354691e+01 -4.227719161862309249e+01 7.194493372138776976e+01
-5.887574076193104133e+01 -4.233334001635829935e+01 7.154010860205130484e+01
-5.885637705116023710e+01 -4.256565693561057628e+01 7.073728937449868681e+01
-5.886685878287741502e+01 -4.264076309009601573e+01 7.007092753154506681e+01
-5.878045199164334633e+01 -4.262613748206410946e+01 7.002342802247198961e+01
-5.882318380665098800e+01 -4.264329123591002002e+01 7.002943769171906752e+01
-5.877866761315449651e+01 -4.266432592907337096e+01 6.998362823289562584e+01
-5.876330504544613120e+01 -4.268817704320719741e+01 6.999899759899176388e+01
-5.874525938540980974e+01 -4.294749931700411594e+01 6.986263598774985439e+01
-5.846760349336639706e+01 -4.401215085535423555e+01 6.831141412551801295e+01
-5.840600930768854937e+01 -4.417211353732265167e+01 6.799422300016431109e+01
-5.836394512406671709e+01 -4.420562786988158877e+01 6.789130476124705638e+01
-5.832047743015145613e+01 -4.452050553352948725e+01 6.764186725215517981e+01
-5.815628109438405602e+01 -4.475250941424839368e+01 6.710518409481187518e+01
-5.800154383688695248e+01 -4.500350912952841753e+01 6.672251111556056458e+01
-5.798575935328149455e+01 -4.496904347767677024e+01 6.648136251556616116e+01
-5.791160848656960525e+01 -4.519034802594828903e+01 6.620702582650847035e+01
-5.776273350913450599e+01 -4.536811821708970172e+01 6.582922472574682615e+01
-5.766982782062656554e+01 -4.547076372223177287e+01 6.550001430271777281e+01
-5.767237068839689584e+01 -4.555070237076300543e+01 6.534182224816140661e+01
-5.750921066057193798e+01 -4.579613510321406977e+01 6.491023337507044744e+01
-5.745979140671458651e+01 -4.581339502294382271e+01 6.459018251227189467e+01
-5.727976996779946717e+01 -4.600598315857047993e+01 6.425280053078836318e+01
-5.720217495563277055e+01 -4.609109426391157882e+01 6.400415652830997715e+01
-5.711989625255155545e+01 -4.614661979939949532e+01 6.367325084513481670e+01
-5.695386084563045870e+01 -4.630182091636045527e+01 6.317525013488966579e+01
-5.681717119257190518e+01 -4.642821055712318667e+01 6.276558766662992639e+01
-5.661008630211522075e+01 -4.663170231111031683e+01 6.215783547096066286e+01
-5.638231151259087426e+01 -4.678989847566954552e+01 6.148342416565401436e+01
-5.612364480069591366e+01 -4.697587190909703025e+01 6.080673753512382973e+01
-5.603236267287466887e+01 -4.703501713011547025e+01 6.060647789523159190e+01
-5.587456483209956559e+01 -4.712757716499627492e+01 6.013874160124100854e+01
-5.575184111387108032e+01 -4.716583641327951426e+01 5.981757749064581731e+01
-5.561738501897275455e+01 -4.722525729430626029e+01 5.925016869290698196e+01
-5.553725086928575649e+01 -4.722760548083443410e+01 5.898819895901783639e+01
-5.539695663824494432e+01 -4.735779994941393056e+01 5.858078582753614683e+01
-5.523023252849537812e+01 -4.726695469130108762e+01 5.814763237706938526e+01
-5.512132332793646583e+01 -4.726602283914727565e+01 5.773227943314100230e+01
-5.503054555438106377e+01 -4.724439227905978811e+01 5.745407978698744955e+01
-5.492961601870391064e+01 -4.725599311372784683e+01 5.709833013208913144e+01
-5.467892474657686819e+01 -4.727903877698889801e+01 5.615922824329231844e+01
-5.433741102478211360e+01 -4.735750652993944243e+01 5.545886879833255989e+01
-5.411563328456298905e+01 -4.732690834453668316e+01 5.472311758076784827e+01
-5.398168302064449620e+01 -4.725942473604079197e+01 5.431423463399937646e+01
-5.384860507382919081e+01 -4.727273758605279141e+01 5.380820284792071106e+01
-5.383792395937182107e+01 -4.720762890094042774e+01 5.387170643571607798e+01
-5.381236103696593887e+01 -4.718973109849168424e+01 5.379873456206246374e+01
-5.379516967952434925e+01 -4.711483098317133766e+01 5.369002633244258504e+01
-5.372746734660796619e+01 -4.696529580204299492e+01 5.351920336426701397e+01
-5.369684541722644155e+01 -4.666388099488752061e+01 5.302464358893371354e+01
-5.370031220125315485e+01 -4.642272017233435122e+01 5.287741227867627458e+01
-5.368964657142137753e+01 -4.609886998098535571e+01 5.260999166044507547e+01
-5.374210965438584253e+01 -4.583332852138511271e+01 5.260608057579247543e+01
-5.384246267909075812e+01 -4.566825559390270683e+01 5.258750590834961258e+01
-5.395741240529758898e+01 -4.535300721026847270e+01 5.267679602547968898e+01
-5.416565635834278680e+01 -4.498836939748321839e+01 5.292363418384570650e+01
-5.425562350114321930e+01 -4.482015412674137878e+01 5.314118315917835389e+01
-5.448171293015286665e+01 -4.462580062559501215e+01 5.363561504001881985e+01
-5.468048443445070461e+01 -4.442907719991356430e+01 5.405254201402476610e+01
-5.496007839997649569e+01 -4.423480211919424221e+01 5.460500213116188206e+01
-5.514917754617020762e+01 -4.412363136325661372e+01 5.497916898517496520e+01
-5.548232528591604762e+01 -4.395496751899565879e+01 5.585549974954869867e+01
-5.575720289803929575e+01 -4.386651461420737519e+01 5.656871550237292468e+01
-5.576046232796876723e+01 -4.377251478147720576e+01 5.661649003317438655e+01
-5.582263248815199574e+01 -4.371798665887913415e+01 5.657115725868425216e+01
-5.588379014227562891e+01 -4.335616676244134737e+01 5.656456027409285525e+01
-5.584280711655715379e+01 -4.307483291802086711e+01 5.636634762362700712e+01
-5.585559875523895812e+01 -4.279253992262679418e+01 5.617225479419698786e+01
-5.577065979423159092e+01 -4.256770091539780765e+01 5.589501747824510858e+01
-5.558456106512241490e+01 -4.229383932499678878e+01 5.539110823362420888e+01
-5.551638890568584372e+01 -4.215020819681278397e+01 5.490719561986361441e+01
-5.524038450512159670e+01 -4.207677619876801600e+01 5.424817137420495783e+01
-5.504805134725421567e+01 -4.208996930045756102e+01 5.368842436835529952e+01
-5.470787447633975376e+01 -4.225542224768341981e+01 5.291402670323850543e+01
-5.437043075162509354e+01 -4.226945988827238665e+01 5.210838417794684574e+01
-5.401610980641412141e+01 -4.232109864880514749e+01 5.134868785606408892e+01
-5.363735476761134180e+01 -4.242942144006168093e+01 5.039922380151324433e+01
-5.355430988326993713e+01 -4.254546298119235104e+01 5.042087079417296991e+01
-5.346689384408159640e+01 -4.265114926033041343e+01 5.010981703657239450e+01
-5.333604246469285215e+01 -4.286341281937661307e+01 4.984702696932095023e+01
-5.295787875804636258e+01 -4.324682346076120609e+01 4.918862969225551751e+01
-5.266300965762822273e+01 -4.354569868384290743e+01 4.872164805234433516e+01
-5.240414274097895486e+01 -4.379463675644949916e+01 4.834798966817288601e+01
-5.210034483187244803e+01 -4.392591435033158831e+01 4.778287216029730189e+01
-5.200347052963188332e+01 -4.400663086327379858e+01 4.758120295807225375e+01
-5.164153530358665023e+01 -4.423496780763255742e+01 4.702906361545092295e+01
-5.126120229240063964e+01 -4.437060078282961229e+01 4.640283002908745402e+01
-5.080183608207165946e+01 -4.445433333921636176e+01 4.546605286426506609e+01
-5.055052087112012771e+01 -4.449496054122207767e+01 4.511448516932819075e+01
-4.998518826227910949e+01 -4.452896057948532160e+01 4.411962706205872564e+01
-4.982282955873469632e+01 -4.461705991478722666e+01 4.404703263923192935e+01
-4.923659493432772649e+01 -4.462556883232367255e+01 4.294359560708062418e+01
-4.883602391810926235e+01 -4.457133753623615746e+01 4.230116158098689993e+01
-4.827626465809009915e+01 -4.466283669930149358e+01 4.161220559683852116e+01
-4.780864615316639288e+01 -4.458010318724822696e+01 4.070237863830129754e+01
-4.726615217513264611e+01 -4.462016017103313459e+01 3.995413952106264333e+01
-4.663756896132851182e+01 -4.446751899852823442e+01 3.890567225344989311e+01
-4.605833353911069139e+01 -4.446312178621784028e+01 3.819664063270511178e+01
-4.529400249744865903e+01 -4.422973996789009021e+01 3.698804567875890825e+01
-4.449200433071969485e+01 -4.392487244736162921e+01 3.588497075543250503e+01
-4.396937446552441031e+01 -4.361725009950349374e+01 3.497393310549819034e+01
-4.356922950729281752e+01 -4.335086717155342484e+01 3.457221132087420301e+01
-4.328411121871999967e+01 -4.307018476851135347e+01 3.410937387305375523e+01
-4.317320111355667223e+01 -4.296596806086033382e+01 3.392696759513773941e+01
-4.302911637042718951e+01 -4.268367542718434038e+01 3.362600868980734958e+01
-4.294570930401144437e+01 -4.248788667988736734e+01 3.350006302758833954e+01
-4.283042126400731320e+01 -4.223997617049793263e+01 3.326416462897350357e+01
-4.268085166556981846e+01 -4.187967348954854430e+01 3.301876314325613748e+01
-4.263289258763323630e+01 -4.152502730311162082e+01 3.288747035098845117e+01
-4.261365403433586607e+01 -4.122899030899178285e+01 3.289070704534924516e+01
-4.258158159499767237e+01 -4.097432288392290900e+01 3.274073508754190698e+01
-4.259110884141563247e+01 -4.055794201215864092e+01 3.255365448604902667e+01
-4.262003736331313064e+01 -4.029169703250057921e+01 3.272008243252116699e+01
-4.264670492298805016e+01 -3.991962176864684864e+01 3.274090809766494203e+01
-4.266120321570825524e+01 -3.969727193817973898e+01 3.268582804296488575e+01
-4.270524661271031164e+01 -3.929714795823869622e+01 3.279046983646117042e+01
-4.272852030723979055e+01 -3.889028560566617188e+01 3.284379565250515043e+01
-4.272127265105704907e+01 -3.865341979743627832e+01 3.281719201938517472e+01
-4.268104379639009949e+01 -3.788098748043782393e+01 3.278575882845370870e+01
-4.261884829182791634e+01 -3.712794148756984214e+01 3.300576824092627248e+01
-4.263542850216474278e+01 -3.712890665797583267e+01 3.304920938267832753e+01
-4.271429646462419782e+01 -3.709436115261082278e+01 3.308743087959328477e+01
-4.285878571321681818e+01 -3.709874656287911421e+01 3.332109799589170507e+01
-4.297096510521775770e+01 -3.709560634021197245e+01 3.343369063053296486e+01
-4.320646276104665162e+01 -3.707823220225569116e+01 3.358943907590492017e+01
-4.333253039650584526e+01 -3.708808843637864783e+01 3.376160413207981037e+01
-4.354794353138598240e+01 -3.708107044909292682e+01 3.393197038983498715e+01
-4.377921416220958406e+01 -3.704750518527099956e+01 3.407068468473585199e+01
-4.415215686427667663e+01 -3.675309807007191409e+01 3.390474821443103792e+01
-4.440616428001033000e+01 -3.543047508338123208e+01 3.396434023063966379e+01
-4.448713779298985571e+01 -3.463814021102864871e+01 3.410281715208679998e+01
-4.453844095645102641e+01 -3.406095095535052764e+01 3.418002947900913568e+01
-4.458730814917898044e+01 -3.384109183031236512e+01 3.424027670364989717e+01
-4.468490350038804593e+01 -3.341293594765505048e+01 3.427897144779740302e+01
-4.490290789063801924e+01 -3.294385801068054320e+01 3.463326205163184568e+01
-4.505206006747231129e+01 -3.261829521761805495e+01 3.475004540677878140e+01
-4.527117671392518616e+01 -3.226208376570196634e+01 3.516138842581995050e+01
-4.546223210925136016e+01 -3.200418164481789773e+01 3.544658299314710348e+01
-4.567469300071881833e+01 -3.170837588039793076e+01 3.575976795670658248e+01
-4.586835677097596431e+01 -3.128229980448787728e+01 3.606192260643638292e+01
-4.591885055821087747e+01 -3.077217427906659708e+01 3.618584013880945349e+01
-4.584263448402043650e+01 -3.021885009385670173e+01 3.591061263149822480e+01
-4.568183713603029616e+01 -2.979475939190480460e+01 3.586278548378118103e+01
-4.557187049025583292e+01 -2.969945298261249889e+01 3.565068047811882934e+01
-4.523327462461823245e+01 -2.942270240014762805e+01 3.524397116112504591e+01
-4.492534504523017347e+01 -2.916903533077686461e+01 3.479729117961460361e+01
-4.446733959979330564e+01 -2.896068962807400027e+01 3.425419573107819815e+01
-4.399955643271108841e+01 -2.889736729087706379e+01 3.367881390994625690e+01
-4.351606767503012918e+01 -2.887023797382790491e+01 3.311801640250723722e+01
-4.310746781731677402e+01 -2.899447841758486533e+01 3.271538935533544645e+01
-4.251933964594475412e+01 -2.909683406954538754e+01 3.228156268215889213e+01
-4.244821172279786481e+01 -2.913492680985223870e+01 3.203607048814001246e+01
-4.219155469937086878e+01 -2.919494254410021483e+01 3.174201012690696189e+01
-4.170545535826234129e+01 -2.902303934175055389e+01 3.121933213134411744e+01
-4.123847737993096985e+01 -2.897046696959780121e+01 3.078914935408829479e+01
-4.091472015212767133e+01 -2.904041548365896119e+01 3.057347779382507724e+01
-4.047921533922023229e+01 -2.909545554131442202e+01 3.003765747132160868e+01
-4.024360200502587759e+01 -2.941488236442659598e+01 2.984673992495709172e+01
-4.003152210475569461e+01 -2.961885916967699472e+01 2.960955738377856505e+01
-3.979585669963094574e+01 -3.002441461455217819e+01 2.942355781675428261e+01
-3.953528659435103521e+01 -3.040275132738727848e+01 2.918081024624871134e+01
-3.919466190906243241e+01 -3.081296327123285295e+01 2.878368661724834965e+01
-3.891264364878125548e+01 -3.116328654621952410e+01 2.862884877009878437e+01
-3.869002413438839483e+01 -3.157206321828788731e+01 2.842654009233046963e+01
-3.835594304759104034e+01 -3.192134477113130941e+01 2.817406379868771182e+01
-3.800114200116561847e+01 -3.219000353880049659e+01 2.789901108962953913e+01
-3.764233556671501901e+01 -3.234950427804973572e+01 2.758867693542492816e+01
-3.725492003799357121e+01 -3.265536580173828440e+01 2.726820852783248483e+01
-3.690251387388900639e+01 -3.277559019217587633e+01 2.705035907972319364e+01
-3.643917975576157176e+01 -3.273206408854651528e+01 2.660482216122795762e+01
-3.601675114474510053e+01 -3.268373246932598164e+01 2.644923011830428550e+01
-3.552403063164241814e+01 -3.268015462133414673e+01 2.598498265552279918e+01
-3.521633594545552626e+01 -3.268669498400755202e+01 2.575538884581783350e+01
-3.457706714320443098e+01 -3.262889615062853466e+01 2.537689438772645190e+01
-3.393599042668911636e+01 -3.269000457581748265e+01 2.492637317366256866e+01
-3.319658588680806588e+01 -3.261230998780139601e+01 2.446437392861957960e+01
-3.261871583811561948e+01 -3.245442011233048163e+01 2.409377534228747209e+01
-3.207390522730804605e+01 -3.222028560851075696e+01 2.373862927330992534e+01
-3.182255276830738921e+01 -3.201059273780931846e+01 2.371332447976033109e+01
-3.148785394475768840e+01 -3.153613593659169823e+01 2.354588817909461795e+01
-3.125666021294790653e+01 -3.114096198238404156e+01 2.332803684719374360e+01
-3.104629377649560240e+01 -3.036924793842318593e+01 2.318123284896933001e+01
-3.091552011756081697e+01 -2.981787075559272182e+01 2.323122494539325089e+01
-3.088058659515488102e+01 -2.928970209693775928e+01 2.321769796107651018e+01
-3.091328197070225769e+01 -2.922351962406020220e+01 2.318107988386282159e+01
-3.092838073231197882e+01 -2.838023436386362874e+01 2.317313325230998089e+01
-3.095929529894293353e+01 -2.786823010380935273e+01 2.333133074803072304e+01
-3.113127323596673079e+01 -2.736304650871629462e+01 2.347986238182443230e+01
-3.142267350767504297e+01 -2.698873734325793095e+01 2.372832196440958796e+01
-3.181740899031144920e+01 -2.661695596967619792e+01 2.399819262051960322e+01
-3.233002406448872534e+01 -2.631678648149306810e+01 2.428879120658484680e+01
-3.293507820968848421e+01 -2.603670978494178456e+01 2.455510180993792346e+01
-3.374098882709814973e+01 -2.583825500230066297e+01 2.496559146917479666e+01
-3.451878912190562687e+01 -2.556458586201898697e+01 2.556045401124333694e+01
-3.518721257005070413e+01 -2.541263578558701397e+01 2.579482544967413560e+01
-3.602906825702417848e+01 -2.550161322890873805e+01 2.633748515431648229e+01
-3.652252517056997760e+01 -2.549220703678213340e+01 2.665517496770394246e+01
-3.713512604156584018e+01 -2.531780659864775629e+01 2.705811946367475684e+01
-3.792089691294857801e+01 -2.533039623468285839e+01 2.753758298964316964e+01
-3.862566516207040479e+01 -2.504594816374563493e+01 2.802285662395229338e+01
-3.959587805382430759e+01 -2.517799173909657640e+01 2.871476912901539436e+01
-4.065616521399482508e+01 -2.522937063640426913e+01 2.957501955000680027e+01
-4.157073482835713207e+01 -2.520070218777823357e+01 3.040719316335071198e+01
-4.227546211103418727e+01 -2.517031424589772826e+01 3.093668393770212788e+01
-4.284153994947523358e+01 -2.496955792428716592e+01 3.157316330086609923e+01
-4.304147452114544592e+01 -2.451546304123436926e+01 3.163147275925462054e+01
-4.344298069159181352e+01 -2.402848138461010308e+01 3.186953631572691847e+01
-4.373128776110380045e+01 -2.343137181491358234e+01 3.202436940248458086e+01
-4.398689360201747434e+01 -2.265161669669618050e+01 3.193906119895700613e+01
-4.405634073212249291e+01 -2.225820215963404536e+01 3.193199858943989966e+01
-4.405035091754881194e+01 -2.202074745995382443e+01 3.187447777369425239e+01
-4.401859669762055205e+01 -2.201726552430325512e+01 3.182325276593473973e+01
-4.396218276078293741e+01 -2.196528142644755377e+01 3.165283171794385453e+01
-4.342746975837670220e+01 -2.130716457249841511e+01 3.115646556119236266e+01
-4.298828240798607681e+01 -2.057803333353566444e+01 3.070777873332963281e+01
-4.256901772272770756e+01 -2.028239882169464181e+01 3.047233908251541834e+01
-4.197836348035554010e+01 -2.006472357988611321e+01 3.000714228602760159e+01
-4.117676538904049721e+01 -1.971770034516723058e+01 2.931229588746168702e+01
-4.018764046998396111e+01 -1.929732924392508409e+01 2.857489925628578931e+01
-3.936949890728020307e+01 -1.921800057388598759e+01 2.799897967304855229e+01
-3.828808198399475771e+01 -1.885049536502031486e+01 2.717880375366553380e+01
-3.732688593348454731e+01 -1.858914998109170824e+01 2.665192795069629028e+01
-3.665495237630942427e+01 -1.856936916072431387e+01 2.619339766550433524e+01
-3.596798517809823181e+01 -1.877044541840690073e+01 2.576686818421512726e+01
-3.515253204898023398e+01 -1.892630439412116061e+01 2.525459359258206860e+01
-3.431792726764554402e+01 -1.907784135189365315e+01 2.487670837157838832e+01
-3.349417655302876540e+01 -1.906520992535585890e+01 2.452902412524076681e+01
-3.257771839380525591e+01 -1.922405399711385598e+01 2.399737171379319989e+01
-3.176636746180379589e+01 -1.939363959758789946e+01 2.363064033073419523e+01
-3.106207531080769968e+01 -1.964613769000140309e+01 2.327916014918082510e+01
-3.029894248922921918e+01 -1.968452247828022905e+01 2.290952701031733341e+01
-2.957677424273180122e+01 -1.974296573419199063e+01 2.257354093652566007e+01
-2.888020130618838266e+01 -1.978625696080711549e+01 2.222637570534016049e+01
-2.807520118341763293e+01 -1.980386193680376294e+01 2.186156910879526549e+01
-2.733791561540958526e+01 -1.978250885200931464e+01 2.155514755980402697e+01
-2.659568119369298245e+01 -1.963656760616624553e+01 2.120124655514155165e+01
-2.585907614781973507e+01 -1.947257775926632206e+01 2.081454196446770766e+01
-2.531848140318356855e+01 -1.928167769245195728e+01 2.058617841662317005e+01
-2.469722432297072601e+01 -1.904979051812506441e+01 2.016943581155442189e+01
-2.408089483263363206e+01 -1.869883452307045957e+01 1.987858607996213323e+01
-2.343126534369500291e+01 -1.828727782073613639e+01 1.936895268982220841e+01
-2.299088857203918224e+01 -1.807037770571538715e+01 1.918005999054366839e+01
-2.251330276490899962e+01 -1.767697019675659931e+01 1.896290192134460995e+01
-2.224019472809712283e+01 -1.751354878681559768e+01 1.873635058777858831e+01
-2.210035990076760015e+01 -1.723107650610119634e+01 1.866764138013741103e+01
-2.200704728944769784e+01 -1.699889898767130347e+01 1.860561984473952180e+01
-2.180778570629477997e+01 -1.640009891950137444e+01 1.829862694354119412e+01
-2.184351103547066941e+01 -1.595017696972163890e+01 1.828291295931376226e+01
-2.201480574348423147e+01 -1.551109750248198083e+01 1.810856557944771339e+01
-2.233266557267884878e+01 -1.514768805476634128e+01 1.830506345289131787e+01
-2.268128276103763596e+01 -1.479491511930504544e+01 1.821979019984632941e+01
-2.335465313405808274e+01 -1.458612059114395265e+01 1.853257661763268516e+01
-2.399169827219091644e+01 -1.452104481467157626e+01 1.889709055665593951e+01
-2.487256274971105086e+01 -1.468605191570304669e+01 1.954832802034366068e+01
-2.584188642599673358e+01 -1.476865886076303269e+01 2.005048683698964851e+01
-2.677681455821411305e+01 -1.512582356595298450e+01 2.075946826310064353e+01
-2.784610181909329185e+01 -1.539541211765590845e+01 2.153172854668719083e+01
-2.838203001926271440e+01 -1.537333605053770924e+01 2.186853272770940748e+01
-2.873835127627314989e+01 -1.521008142958487497e+01 2.203789578945611538e+01
-2.904294034359114107e+01 -1.510003261216605353e+01 2.221274067534523056e+01
-2.936993866843889123e+01 -1.498271312528931531e+01 2.232648747603207084e+01
-2.966613572057072190e+01 -1.484220343503225337e+01 2.249226904075703715e+01
-2.986169480351321681e+01 -1.475056186576493644e+01 2.264517619949288019e+01
-3.011346881887585880e+01 -1.465179345686136969e+01 2.283684956801357657e+01
-3.047413120713696344e+01 -1.457252716267422699e+01 2.312491864338858250e+01
-3.102022476347877955e+01 -1.468807447233179175e+01 2.354770045924851729e+01
-3.176775340552430293e+01 -1.480237346335000126e+01 2.417374469165429218e+01
-3.272250246657337414e+01 -1.489581992041093628e+01 2.480623260843503886e+01
-3.365015883159217935e+01 -1.485492266225671187e+01 2.543846845442931226e+01
-3.434471351746489631e+01 -1.468815479271701463e+01 2.618646030276772763e+01
-3.506212459541097815e+01 -1.467191858371575108e+01 2.680040458516805302e+01
-3.551739600838155297e+01 -1.445417620965998395e+01 2.728388469195510879e+01
-3.632437218777805299e+01 -1.454798385676886596e+01 2.802036680464721030e+01
-3.713175877966779126e+01 -1.432514509817156068e+01 2.894088654213805967e+01
-3.791120750417954355e+01 -1.387016080608514557e+01 3.058641923776576732e+01
-3.840602801418975787e+01 -1.354862490517511731e+01 3.105363121041000340e+01
-3.919036574723442357e+01 -1.347157424161164840e+01 3.174108539496955927e+01
-4.016423370997829068e+01 -1.369524064826531884e+01 3.229104699566642012e+01
-4.081465852915675896e+01 -1.382139323627946936e+01 3.271967594821853709e+01
-4.164449895892818176e+01 -1.407243881920093997e+01 3.344768346447449403e+01
-4.222500192606092639e+01 -1.411940332936057985e+01 3.396572360434834081e+01
-4.270797662872421085e+01 -1.423689869294486243e+01 3.448790737181957411e+01
-4.331196028384370322e+01 -1.430499835356530980e+01 3.496483815885949298e+01
-4.370960219579752959e+01 -1.425369736484577743e+01 3.546269104730367872e+01
-4.397633166442361130e+01 -1.416302833669976735e+01 3.575161426669365028e+01
-4.427705605889555329e+01 -1.389515872056197310e+01 3.645031730846540086e+01
-4.460166446388062411e+01 -1.373446474078334489e+01 3.691609425894876040e+01
-4.483055998508507400e+01 -1.334759737584879247e+01 3.760140594068184328e+01
-4.519674464318715934e+01 -1.328958980026731496e+01 3.810975894176158363e+01
-4.549085217197509223e+01 -1.297780049653784573e+01 3.866655119013807962e+01
-4.560002678560537959e+01 -1.260713805359763029e+01 3.914769934810487939e+01
-4.570303230388434201e+01 -1.223664968900220629e+01 3.963751593653091732e+01
-4.597145599765048019e+01 -1.188918761535067148e+01 4.018649047009535025e+01
-4.612962945197855902e+01 -1.138922285958241787e+01 4.088723242380069678e+01
-4.626369003756758502e+01 -1.118021777533423489e+01 4.121143111569858775e+01
-4.649031510475262507e+01 -1.099372248756528592e+01 4.160776771622363412e+01
-4.670429057461167588e+01 -1.076803363449087669e+01 4.212905181188716597e+01
-4.687882797814813784e+01 -1.057479184398209071e+01 4.248742516147194692e+01
-4.715508471267098400e+01 -1.010986547078761788e+01 4.312264953482554120e+01
-4.732694287294256696e+01 -9.747465951727200206e+00 4.367074369439092152e+01
-4.744075433255768814e+01 -9.489145453697275912e+00 4.405130655175275933e+01
-4.753117708147345866e+01 -9.421511645966475612e+00 4.431534450452249985e+01
-4.769611692602482833e+01 -9.222820001027315584e+00 4.458091871426177022e+01
-4.804049818908883651e+01 -8.685191192641056546e+00 4.560213233711169778e+01
-4.816353878725240634e+01 -8.509040496708067280e+00 4.600758873614427102e+01
-4.826459453451741410e+01 -8.429083947953465383e+00 4.618246702177134466e+01
-4.835436235644071701e+01 -8.442756478472574599e+00 4.630581866404304492e+01
-4.846650717149479703e+01 -8.495815086619906253e+00 4.645125369254719772e+01
-4.859432459968270734e+01 -8.550253312230445601e+00 4.648170433619407049e+01
-4.885807396695184934e+01 -8.649083500961843640e+00 4.666317168638715884e+01
-4.923978856328193388e+01 -8.789950066534771622e+00 4.725863105371468009e+01
-4.975818504270932863e+01 -8.866024251583979776e+00 4.822466810902733414e+01
-5.016730582691083384e+01 -9.148659884442139401e+00 4.873922679308725492e+01
-5.050220836543336134e+01 -9.448586212187159106e+00 4.915165704027913307e+01
-5.052465483657779544e+01 -9.460749503352467116e+00 4.923566004919098305e+01
-5.046834957413206268e+01 -9.462104077154094739e+00 4.913238027712782241e+01
-5.052484569999501218e+01 -9.535358684371367133e+00 4.913622609391222795e+01
-5.057843254801916544e+01 -9.584576517552690689e+00 4.919086980288784616e+01
-5.081520892569773196e+01 -9.760704212060026919e+00 4.916625246164653618e+01
-5.106912973702765157e+01 -1.054215088965369773e+01 4.897297066262626686e+01
-5.085516758151852912e+01 -1.047428063005772714e+01 4.895903615818519938e+01
-5.086585004362694917e+01 -1.050278241857136408e+01 4.904742193844049325e+01
-5.087421844168940765e+01 -1.050822191885353618e+01 4.899920112666541172e+01
-5.088157220600911046e+01 -1.050297282344081395e+01 4.900750017818472770e+01
-5.088137522031509263e+01 -1.053007326807060906e+01 4.900305183004979881e+01
-5.087440691562433415e+01 -1.052687980168492032e+01 4.889555586783262697e+01
-5.086659708832469562e+01 -1.051677382154844764e+01 4.891848963367965553e+01
-5.087423934245124713e+01 -1.047139983065075342e+01 4.894260905298847320e+01
-5.097499574241754772e+01 -1.052089670789661824e+01 4.892927967508080656e+01
-5.101560255835397584e+01 -1.065629586107367288e+01 4.858332826319474407e+01
-5.130276006285811263e+01 -1.090066888800972578e+01 4.848047965652540370e+01
-5.171184312788236070e+01 -1.181452657973348153e+01 4.818286050053552572e+01
-5.189190614781328748e+01 -1.237202241308354900e+01 4.806129719178079540e+01
-5.201830919442836887e+01 -1.259734826762068138e+01 4.806581095932028802e+01
-5.209232272693903099e+01 -1.289246548693876093e+01 4.802059820098565979e+01
-5.221532213796376709e+01 -1.335483435986160572e+01 4.796882985074080352e+01
-5.238491402240315153e+01 -1.364740813463154012e+01 4.817803693668133747e+01
-5.243018799965879850e+01 -1.435270385514500191e+01 4.798216161623940934e+01
-5.258308287964771921e+01 -1.480324875924187467e+01 4.810553323729072872e+01
-5.273862242664600330e+01 -1.589165573847363788e+01 4.825129507515316618e+01
-5.288624927858775493e+01 -1.647687439763175377e+01 4.871400381130365531e+01
-5.291777021714135287e+01 -1.694316383362819067e+01 4.877610961887648955e+01
-5.302282640408758141e+01 -1.708548812396946914e+01 4.894801382781247412e+01
-5.329466192311517148e+01 -1.746112272474505289e+01 4.950959244118530478e+01
-5.356103056086129754e+01 -1.778527040592400255e+01 5.030555622241581659e+01
-5.377216284740998731e+01 -1.779146288922031260e+01 5.073675213268120388e+01
-5.407804843314588084e+01 -1.773086512775149259e+01 5.143075407267338051e+01
-5.431184716279493330e+01 -1.756430964168060171e+01 5.188676495578010872e+01
-5.454443847719744554e+01 -1.731711197731543450e+01 5.253017907805337927e+01
-5.478908528857228077e+01 -1.720364312387262373e+01 5.320308579873903909e+01
-5.497166981867704294e+01 -1.698560691102283471e+01 5.341912767174812871e+01
-5.532357398470126952e+01 -1.639163391999156971e+01 5.401673219468443676e+01
-5.562969743367335695e+01 -1.584829886139850430e+01 5.480899039060795985e+01
-5.582581682112939347e+01 -1.545767431020629346e+01 5.583757865607435633e+01
-5.602407748472032267e+01 -1.515280281422173658e+01 5.669908259274916418e+01
-5.615944500327071864e+01 -1.519228553015147298e+01 5.729976719232763571e+01
-5.644601096142234553e+01 -1.549874208069144998e+01 5.783362415117358069e+01
-5.673066682329071853e+01 -1.605610761556980748e+01 5.834488388044019302e+01
-5.702112187637257534e+01 -1.657624823769006639e+01 5.870521761583336229e+01
-5.730139556565133319e+01 -1.725103667336837532e+01 5.894178499946269767e+01
-5.752110560582973164e+01 -1.760793238634657598e+01 5.909973025285989934e+01
-5.770367164299160834e+01 -1.784922514451361053e+01 5.904886089213118794e+01
-5.793962251377828920e+01 -1.835855433630339917e+01 5.915972250308345792e+01
-5.825822228915771461e+01 -1.882039599594226331e+01 5.969853449007769086e+01
-5.861239210275937239e+01 -1.954694063601473175e+01 6.017943426756755798e+01
-5.869954566327572820e+01 -1.983293066904909097e+01 6.022602684057528677e+01
-5.879765789022812328e+01 -2.045644563985442943e+01 6.050047215854897331e+01
-5.874316788108808396e+01 -2.092102913563344657e+01 6.064739345759426214e+01
-5.874024582819582463e+01 -2.109802951552685357e+01 6.075630136541462889e+01
-5.864948033929957205e+01 -2.167766757630700170e+01 6.065184095624158545e+01
-5.867340896763471392e+01 -2.183543271598389879e+01 6.075012754079102706e+01
-5.860580329518634812e+01 -2.266541889920804209e+01 6.090276831351206965e+01
-5.874827346158005525e+01 -2.324221355432892722e+01 6.138777095951945739e+01
-5.882760366101867078e+01 -2.401911708636272635e+01 6.181549070333153395e+01
-5.889759075493054752e+01 -2.459920486866521117e+01 6.217719544249462160e+01
-5.885582028112041542e+01 -2.508464622570657099e+01 6.230101174754395288e+01
-5.885924318756040918e+01 -2.562757185340813493e+01 6.252698028280315157e+01
-5.874203859006611594e+01 -2.620791652887635337e+01 6.237811118091508433e+01
-5.882234711830153628e+01 -2.699148209208048144e+01 6.280091231795063322e+01
-5.896167306611728520e+01 -2.798230531637584306e+01 6.340021637522568199e+01
-5.912812758347445197e+01 -2.874123608321998091e+01 6.393145285288733248e+01
-5.924062186527422114e+01 -2.926233438536221598e+01 6.464674266608335529e+01
-5.926706640342830212e+01 -3.019937263587149090e+01 6.535235258451984919e+01
-5.941929993392766107e+01 -3.098897220819423381e+01 6.617171421265811659e+01
-5.952008137188494175e+01 -3.141184653721312969e+01 6.664717155743915100e+01
-5.957629454762334831e+01 -3.182247063340825122e+01 6.710960563705225468e+01
-5.958607469308113025e+01 -3.216900191349377280e+01 6.741161344724059745e+01
-5.967481629618708894e+01 -3.247379086529659276e+01 6.789051724543946875e+01
-5.979654624265138807e+01 -3.290216171604814832e+01 6.855198387254358749e+01
-5.981988624515051356e+01 -3.322869114088216236e+01 6.909184429931724480e+01
-5.983534280384263582e+01 -3.382595830253480074e+01 6.995303105986067749e+01
-5.993111683177450288e+01 -3.427368405358927106e+01 7.064316120963826506e+01
-5.986401567723055450e+01 -3.466365900632484909e+01 7.126854024244835273e+01
-5.982942481340815277e+01 -3.495903443482617945e+01 7.233306272985691976e+01
-5.983604551791103177e+01 -3.504947557312703310e+01 7.321596702787746835e+01
-5.980393944062809908e+01 -3.500887995150250731e+01 7.388302426080713303e+01
-5.979466765763504554e+01 -3.484268866668401188e+01 7.439975969174565762e+01
-5.967173978484038344e+01 -3.431175828189456922e+01 7.563621558258387267e+01
-5.963327953248011681e+01 -3.385960811939663984e+01 7.602668273180097458e+01
-5.956868036111977460e+01 -3.334812253861205988e+01 7.697708546174294497e+01
-5.950404549700458290e+01 -3.285120192460105670e+01 7.762073441806342089e+01
-5.938848602214241623e+01 -3.200697932784315469e+01 7.853953025900273133e+01
-5.929581701463382615e+01 -3.132337801310821845e+01 7.915249314718425921e+01
-5.908165470866697433e+01 -3.011009918045078848e+01 8.013082813268079008e+01
-5.916783581295960914e+01 -2.924444471567446868e+01 8.020297664976328633e+01
-5.915979255242075396e+01 -2.840277308447763716e+01 7.999695014352869293e+01
-5.927355759379929623e+01 -2.789262313695187601e+01 7.969816904869594509e+01
-5.936337441064722498e+01 -2.739029797100229757e+01 7.962225245269723928e+01
-5.947967132078893826e+01 -2.712296324812160719e+01 7.930532225652950729e+01
-5.964087988005491070e+01 -2.679432807987292620e+01 7.852365986682593757e+01
-5.986698559392065988e+01 -2.673942418488427819e+01 7.776527422415574620e+01
-6.017970045874038476e+01 -2.624995024621117778e+01 7.645249119399386473e+01
-6.051017990056783447e+01 -2.592760944297029368e+01 7.474054139470558766e+01
-6.061093887548433656e+01 -2.558128489818511753e+01 7.362866510802859921e+01
-6.073428186121208228e+01 -2.531937131584255951e+01 7.323689849367815441e+01
-6.067574894133201724e+01 -2.525445609042447614e+01 7.323992064431308791e+01
-6.072099027812662086e+01 -2.468538258020733878e+01 7.369843687970887913e+01
-6.068154024919272160e+01 -2.385976308409022550e+01 7.467851533444331835e+01
-6.048415620104752577e+01 -2.281777573220720967e+01 7.585628344627752995e+01
-6.008169718648048274e+01 -2.191636981246587368e+01 7.725858307939188308e+01
-5.969252535723583719e+01 -2.113049443094558910e+01 7.860038694293780281e+01
-5.943264168717729490e+01 -2.068358350387965316e+01 7.950210251635849090e+01
-5.908119803237859458e+01 -2.024555325743415324e+01 8.044813105572620771e+01
-5.875857625309592436e+01 -1.968185383954381962e+01 8.125863485899799343e+01
-5.828574902247248701e+01 -1.863869596215297975e+01 8.260431033983491034e+01
-5.810967958198757799e+01 -1.826222206698535189e+01 8.333288748780319111e+01
-5.785260995086926528e+01 -1.788515901250344342e+01 8.397750923890316699e+01
-5.767832984775473903e+01 -1.753504241928607144e+01 8.449630873788191820e+01
-5.762952164432618929e+01 -1.708383664910359556e+01 8.551109535839714226e+01
-5.748727329825756271e+01 -1.671779477087866184e+01 8.621888056412194601e+01
-5.739354513891356646e+01 -1.646638921480986539e+01 8.712959468294275212e+01
-5.731088247890620835e+01 -1.626725697510672575e+01 8.742770948043221324e+01
-5.722503557490411197e+01 -1.594118565231897833e+01 8.811834045446630626e+01
-5.715670935392263630e+01 -1.575743370509788122e+01 8.845214779111188363e+01
-5.711945952694905770e+01 -1.544806635450130727e+01 8.875947297193761187e+01
-5.717113805040847296e+01 -1.520024413317465672e+01 8.935271036355311480e+01
-5.712942366248879011e+01 -1.499788307991290992e+01 8.992040355844233090e+01
-5.694290882844964585e+01 -1.487992097845437911e+01 9.061706512478690456e+01
-5.686163001419319585e+01 -1.452009062911036352e+01 9.168672516919491500e+01
-5.676656355786280983e+01 -1.416650530189640733e+01 9.269764091584261223e+01
-5.666300904071262323e+01 -1.407493939715846665e+01 9.336447862232421357e+01
-5.665980226551478438e+01 -1.378033941550252450e+01 9.407622009214833270e+01
-5.668308636289218327e+01 -1.356305301147035181e+01 9.434441901556715493e+01
-5.668140221160194869e+01 -1.336725968487035487e+01 9.479249650074552846e+01
-5.669239250126268814e+01 -1.309907205630457838e+01 9.489031775026660398e+01
-5.668530620215189231e+01 -1.294257818285353778e+01 9.524349124611603656e+01
-5.664817682985895431e+01 -1.272844312713542791e+01 9.559621454018088116e+01
-5.666159744865306891e+01 -1.225309374955448760e+01 9.614794992162569542e+01
-5.656047255714351252e+01 -1.213675957801957139e+01 9.657220099520304757e+01
-5.641736302177602624e+01 -1.211412390171160780e+01 9.675751184669388749e+01
-5.645159418608096757e+01 -1.173869001627667785e+01 9.727763759750632744e+01
-5.637632511798626922e+01 -1.135227117749812464e+01 9.783996728486590655e+01
-5.621210148365864256e+01 -1.096254242352269870e+01 9.859211697394152907e+01
-5.619849880166601963e+01 -1.046401840786785442e+01 9.897289998882979489e+01
-5.604866097791673951e+01 -1.014466824841337456e+01 9.963345609639441136e+01
-5.584423975398907203e+01 -9.670947006158698400e+00 9.994204492256017147e+01
-5.559171364622075373e+01 -9.546799610036607930e+00 1.002369634121187119e+02
-5.548775850977710888e+01 -9.479156137482306121e+00 1.005652297440915390e+02
-5.535501601768218904e+01 -9.274566899501230921e+00 1.008661130385662545e+02
-5.527777416715679237e+01 -9.067777149424280481e+00 1.011352330579861700e+02
-5.516867169761609091e+01 -9.034204010386517325e+00 1.013356804389222816e+02
-5.501119711496978937e+01 -8.633347653217313677e+00 1.016405524546016750e+02
-5.488340643579428502e+01 -8.574852459876453281e+00 1.018781934237881615e+02
-5.474914162947671059e+01 -8.446002273911297209e+00 1.022213246706603513e+02
-5.447218970277087635e+01 -7.897897985576285862e+00 1.026059597752239370e+02
-5.429500157268063276e+01 -7.801556201618303987e+00 1.029488004546703905e+02
-5.408084070361721274e+01 -7.525874113279321875e+00 1.031777513692804860e+02
-5.401468590662079805e+01 -7.250492637284004616e+00 1.031551545000334045e+02
-5.391098552368298158e+01 -6.938511769675692165e+00 1.035281054317490543e+02
-5.371744979102849982e+01 -6.662263358897035914e+00 1.036144605105148457e+02
-5.333376859795218650e+01 -6.085354978001753068e+00 1.041535156964553153e+02
-5.292597579744148106e+01 -5.748362127033217917e+00 1.045378826442602076e+02
-5.289693982474530287e+01 -5.630004720743478686e+00 1.046157741548645390e+02
-5.271169651073124385e+01 -5.269489039206604275e+00 1.047624751245705284e+02
-5.248233358067278687e+01 -4.650294231468507178e+00 1.047824519348912418e+02
-5.225799654766092317e+01 -4.051834615451021193e+00 1.045880480125415488e+02
-5.187862539111088722e+01 -3.466494734809934641e+00 1.041352466496450688e+02
-5.190118548280221944e+01 -3.463115483225735147e+00 1.041927169509922351e+02
-5.182094348128407546e+01 -3.479546637889058047e+00 1.041382598659317864e+02
-5.182741158237716661e+01 -3.450034329245092124e+00 1.041888611503065931e+02
-5.180929902935952214e+01 -3.432697500602635898e+00 1.041760663058253158e+02
-5.169480008197785992e+01 -2.924581091823846180e+00 1.045144805705015187e+02
-5.138721358191692445e+01 -1.312927441716063015e+00 1.057589899101690207e+02
-5.134830094969079539e+01 -1.203771631162673827e+00 1.058607395989656652e+02
-5.097719548979866033e+01 -7.959172019469846759e-01 1.061144951964743086e+02
-5.078444383044903532e+01 -7.621736540111143654e-01 1.056438361200173404e+02
-5.070431519810274779e+01 -5.784844726128710590e-01 1.056451047659397773e+02
-5.071414664159212293e+01 -3.959139629252419468e-01 1.056800264125108697e+02
-5.071653483304038446e+01 -5.300190493570511308e-02 1.054218844942881788e+02
-5.062532061529103089e+01 8.054620635689957453e-02 1.055695872631304155e+02
-5.050230687038730082e+01 6.244154412389733011e-01 1.054188919697314759e+02
-5.035192163425020340e+01 1.318743034685077475e+00 1.054328049448877209e+02
-5.025300820002350122e+01 2.015705500794332750e+00 1.051371270112626917e+02
-5.013522919582145221e+01 2.650997666826071963e+00 1.047377193939839799e+02
-5.005141945277843263e+01 2.950067572493310308e+00 1.049200769971112095e+02
-4.996649384199581334e+01 3.131658926860637848e+00 1.048925789629738574e+02
-4.997392404798928567e+01 3.248573202947561356e+00 1.048655350026444921e+02
-4.988155768256324052e+01 3.581751384209958644e+00 1.050252742399788985e+02
-4.969823188280049919e+01 4.871990360459015790e+00 1.059705351059953955e+02
-4.981264499118879030e+01 5.880710695596036430e+00 1.059591050674573580e+02
-4.981336403518544387e+01 6.648548957986008645e+00 1.058749782538409363e+02
-4.984906882629323377e+01 7.483944512182258535e+00 1.056132776723175084e+02
-4.989920881168809785e+01 7.895756382289178532e+00 1.056156498305015248e+02
-4.990386426223882665e+01 8.663873633526037565e+00 1.056155085551283719e+02
-4.997350857158258464e+01 9.178500478837172238e+00 1.055009937962954609e+02
-5.002636414289878530e+01 9.546963513889718200e+00 1.055087371704662473e+02
-5.007405968107488548e+01 1.042585937157796749e+01 1.053685147680284899e+02
-5.027676799458113521e+01 1.085021204244223014e+01 1.052638122796865900e+02
-5.041341393705563689e+01 1.152497890911053702e+01 1.049638629689079607e+02
-5.044797185202151013e+01 1.214832124733270646e+01 1.046778920827564434e+02
-5.066874385856293372e+01 1.270073575151294776e+01 1.046254298159178688e+02
-5.081332033518178548e+01 1.331526774641053734e+01 1.045163159672001711e+02
-5.092728961280121780e+01 1.387733369572252684e+01 1.043871412157238865e+02
-5.096426523290831767e+01 1.428341371633928958e+01 1.041595571365276101e+02
-5.111992162809298179e+01 1.474384663181389143e+01 1.041556359792170952e+02
-5.123323581921520997e+01 1.517343588807221977e+01 1.037571986073414791e+02
-5.135969016254993846e+01 1.556259413178191053e+01 1.035110939286043958e+02
-5.154283367738979393e+01 1.598983667599306813e+01 1.033076764261975313e+02
-5.163525831167670788e+01 1.635062898033304180e+01 1.031927483597266928e+02
-5.178555391002883823e+01 1.716165495062315927e+01 1.031644518309831255e+02
-5.192655056413970271e+01 1.782171627315694451e+01 1.030096607730990854e+02
-5.211279948151478436e+01 1.819424722056298904e+01 1.026048817126966242e+02
-5.219810673550668412e+01 1.841221673018350913e+01 1.021890230323656397e+02
-5.237959560999641440e+01 1.861212088330048431e+01 1.019281284580401916e+02
-5.253685398007944229e+01 1.888546066201483242e+01 1.013222867461017813e+02
-5.262553912415391721e+01 1.917703072990682145e+01 1.009872614802302451e+02
-5.278809011924869310e+01 1.946649736179960044e+01 1.008452846395171036e+02
-5.290834394503130511e+01 1.979962493882525720e+01 1.005276484270677884e+02
-5.292799241876574001e+01 1.987970805373825911e+01 1.005033552087550106e+02
-5.297577774013677754e+01 2.000473143746448557e+01 1.001269566597454741e+02
-5.308321021142668883e+01 2.001723978784403357e+01 1.000300567975716604e+02
-5.310722680189395817e+01 1.999615373668715534e+01 1.000177757858621135e+02
-5.314561151841424191e+01 2.027596087198679342e+01 9.977379520220461018e+01
-5.329208240145985087e+01 2.035600382767369254e+01 9.943713705896675492e+01
-5.341307827326322410e+01 2.048312784572521394e+01 9.910333690663446760e+01
-5.339290468951686819e+01 2.060496087040268876e+01 9.857513316930067049e+01
-5.348488994772644389e+01 2.070405591561830150e+01 9.844586839945350221e+01
-5.350466012176104869e+01 2.080427066455220242e+01 9.842588920284606502e+01
-5.352175089604327241e+01 2.085024479906555328e+01 9.811825654199583369e+01
-5.356927544675176023e+01 2.085528050319338078e+01 9.793205366090887765e+01
-5.366832578619052185e+01 2.091360870952818019e+01 9.726893588423854453e+01
-5.372774736618978864e+01 2.088617170503323450e+01 9.680371356752152678e+01
-5.374694671990479833e+01 2.088321655451731118e+01 9.623069494514129474e+01
-5.370355818593301933e+01 2.061968727963181180e+01 9.570876942402037457e+01
-5.362893762389761321e+01 2.047760330942225337e+01 9.553910831190569297e+01
-5.362802510836021952e+01 2.047620039040846152e+01 9.536671007510403797e+01
-5.348754914728846188e+01 2.030841722812057526e+01 9.506687352019616810e+01
-5.313792197043656529e+01 2.015104883885076958e+01 9.400274635008327095e+01
-5.287132129742850850e+01 2.005777290869638563e+01 9.323024938402386397e+01
-5.266211881432749919e+01 1.999670757710156721e+01 9.268032588452365417e+01
-5.235563271305467481e+01 1.992327692350684387e+01 9.197500670206545692e+01
-5.221536708117824332e+01 1.981167990643339039e+01 9.184951915422766433e+01
-5.170063690169691029e+01 1.985355780355414268e+01 9.040430917550224876e+01
-5.150094869324334468e+01 1.981563993333945817e+01 9.004244434003408060e+01
-5.125624696675407677e+01 1.989091432173318807e+01 8.955179541097231777e+01
-5.106304883376638770e+01 1.987851770742182111e+01 8.896057627711343230e+01
-5.087692659138733120e+01 1.995561884433312372e+01 8.840272102234348495e+01
-5.076010460900479870e+01 1.996943509220473700e+01 8.778035184584928174e+01
-5.069281318141095483e+01 2.000582711690524818e+01 8.699953872362243601e+01
-5.074062009451168365e+01 2.009531487472780498e+01 8.681764407371292691e+01
-5.081142123383469311e+01 2.013655755209925857e+01 8.652855047409934741e+01
-5.090336209617160534e+01 2.022463594054253733e+01 8.628246309290534555e+01
-5.110003668157901302e+01 2.048651775217138038e+01 8.572168933549551184e+01
-5.119982840756021858e+01 2.064224447867118784e+01 8.569066774112070561e+01
-5.128331636061089682e+01 2.080358976349449662e+01 8.541378187394434462e+01
-5.127564729371904662e+01 2.089824293397373012e+01 8.505703962566963128e+01
-5.127318727458521153e+01 2.141635925941230667e+01 8.418624385715907010e+01
-5.118607031637876048e+01 2.188424658036916526e+01 8.347461627450775268e+01
-5.111934065476370392e+01 2.198315709228717552e+01 8.327939298096498533e+01
-5.109964789824402942e+01 2.206838686109020031e+01 8.313017404062588867e+01
-5.107971559931647221e+01 2.214766372467345334e+01 8.303183341244312032e+01
-5.090109809978530109e+01 2.214067606030989310e+01 8.251593003068251164e+01
-5.045483427461401504e+01 2.213641213953406250e+01 8.183229024602655954e+01
-5.029626824547953845e+01 2.206187108121064355e+01 8.165446629532789302e+01
-5.020122511849983482e+01 2.194674296559277593e+01 8.170701487512519634e+01
-5.020185421819326166e+01 2.197598567667127512e+01 8.150328872256613977e+01
-5.017754460380048442e+01 2.194334939253616312e+01 8.159667477275479541e+01
-5.014674023935589275e+01 2.195831741417973859e+01 8.156036738946613696e+01
-5.017370314470109349e+01 2.193663208520448293e+01 8.145379305781784751e+01
-5.015938581018936304e+01 2.195529437177507148e+01 8.148075592551458612e+01
-5.016717501396827572e+01 2.194949147298594738e+01 8.149088409874548233e+01
-5.018197337726928708e+01 2.191622720565433369e+01 8.148588924490650243e+01
-5.015327102140058457e+01 2.192504563161453035e+01 8.145990753067167134e+01
-5.013612810451854784e+01 2.170335915201818722e+01 8.145972861608288440e+01
-5.012084234586644982e+01 2.167852937895720089e+01 8.143606819773708594e+01
-5.014228498942685519e+01 2.167669974202864580e+01 8.134939200346252619e+01
-5.006660363133195801e+01 2.164103150057606229e+01 8.041784488168127609e+01
-4.965271888978102766e+01 2.169358020229771000e+01 7.892540710606999710e+01
-4.956705691316216189e+01 2.158583277781689702e+01 7.877478608194019216e+01
-4.948929567890152725e+01 2.155405985261054269e+01 7.857147185255166733e+01
-4.950623946743205295e+01 2.147436068850143798e+01 7.851883142796646098e+01
-4.946326750681060958e+01 2.143051197957066378e+01 7.842592868333281331e+01
-4.943104443705260564e+01 2.138480662963472057e+01 7.845320014680896747e+01
-4.931438047857855622e+01 2.130982742443456246e+01 7.827687769804560958e+01
-4.907070045837562589e+01 2.107121227891622794e+01 7.746826377053548640e+01
-4.901507948305206241e+01 2.106453682811921269e+01 7.726752110354618708e+01
-4.897321310256465665e+01 2.088686209610990474e+01 7.700535234767039583e+01
-4.890759397260175945e+01 2.075104290792027939e+01 7.656405814770232610e+01
-4.869666865126410471e+01 2.054028333605521439e+01 7.576907597921149318e+01
-4.871736070917451400e+01 2.032737222714063918e+01 7.530437796616752166e+01
-4.860703768865340635e+01 2.003071516808271824e+01 7.472466507779699896e+01
-4.852787798628705218e+01 1.984857646186101476e+01 7.409246237361617204e+01
-4.842817283688219732e+01 1.947530968368785054e+01 7.339998349731104099e+01
-4.806698587587159466e+01 1.876264652531908439e+01 7.260119955740879050e+01
-4.792888067321732137e+01 1.854787846859274936e+01 7.200130603486900327e+01
-4.790999497652774153e+01 1.823148374437266028e+01 7.178889758052969228e+01
-4.779330699067816113e+01 1.795899269881300597e+01 7.111956472827114339e+01
-4.759899963321284133e+01 1.729373163132580160e+01 7.030151305043955290e+01
-4.734791609929203560e+01 1.661216660452416249e+01 6.967890515613726166e+01
-4.723686404450359078e+01 1.591446901464939501e+01 6.890804637502697005e+01
-4.719644193331021143e+01 1.533291099235902166e+01 6.811454284758929134e+01
-4.721516971345521085e+01 1.489806748021034721e+01 6.786861191511661673e+01
-4.727568518459615632e+01 1.449984369623372160e+01 6.700487742031714333e+01
-4.732378127394918010e+01 1.427232258318039726e+01 6.594193300940628433e+01
-4.758491774193072388e+01 1.408085775687367658e+01 6.512460552912671119e+01
-4.779508966618297450e+01 1.423669773073339329e+01 6.480711392683065242e+01
-4.810314832512237615e+01 1.457131453057008130e+01 6.428835355694241116e+01
-4.824868474878792313e+01 1.477106340972325427e+01 6.402368457655347811e+01
-4.836466618583085619e+01 1.502884568223418782e+01 6.393945369795346778e+01
-4.847656747828567347e+01 1.507194029462848306e+01 6.382237513817835861e+01
-4.861604045900526216e+01 1.469131886088774408e+01 6.360176620358970467e+01
-4.863145888206749134e+01 1.420732252089364778e+01 6.334805136536624559e+01
-4.881392051731515380e+01 1.355481638562519464e+01 6.293405785011191256e+01
-4.875662692193665748e+01 1.325196950994778078e+01 6.276397537841626217e+01
-4.880265428683355822e+01 1.279269400030408477e+01 6.244983617892353323e+01
-4.875004353595861062e+01 1.224885444583167882e+01 6.206685596199486099e+01
-4.893996715506804662e+01 1.170750093598692843e+01 6.183333969384739248e+01
-4.905197298574911713e+01 1.099232043206503207e+01 6.132564004333062258e+01
-4.912764028230553492e+01 1.061282378271811666e+01 6.099574409456272406e+01
-4.901571486046967152e+01 1.011470995738694612e+01 6.082071192607872945e+01
-4.900725036801306089e+01 9.587070640277506328e+00 6.074765619268987393e+01
-4.896307868429725829e+01 8.992990858280990096e+00 6.061094154670581702e+01
-4.913901343209879258e+01 8.198802364525658248e+00 6.012947354424022706e+01
-4.938935949775751055e+01 7.033953620367505266e+00 5.916335910737120685e+01
-4.946855867312841326e+01 6.297774554628635002e+00 5.865651150948497161e+01
-4.955354442022728279e+01 5.565966496271506969e+00 5.811531073095056854e+01
-4.956831275278608473e+01 5.303629219898514435e+00 5.809644489932088618e+01
-4.954571966236788683e+01 4.904868665472811529e+00 5.778847847549286598e+01
-4.967442181758049458e+01 4.652219065707157597e+00 5.756152358871122487e+01
-4.964675732087003723e+01 4.329986529094078662e+00 5.731076082360550572e+01
-4.964916282069866327e+01 3.998374522221716632e+00 5.720328143021015421e+01
-4.972319630525548462e+01 3.525561023613043687e+00 5.702921621114774098e+01
-4.980971419715707782e+01 3.079930467144428974e+00 5.680736505872323505e+01
-4.990675577137021435e+01 2.817710707782154600e+00 5.653108135127149581e+01
-5.013242470276517793e+01 2.412889038412622256e+00 5.639010937132388790e+01
-5.032370475546733246e+01 2.175564647669325780e+00 5.609488335978903706e+01
-5.049009109555284169e+01 2.268481829985866227e+00 5.590841456659063624e+01
-5.089542098702037265e+01 2.322712137001161636e+00 5.548380677172895048e+01
-5.124954112619420243e+01 2.483299741046096187e+00 5.535468745057346496e+01
-5.163052262814269966e+01 2.855908309594695993e+00 5.531094326507218284e+01
-5.204006745517814636e+01 3.386517630294655135e+00 5.541660102893524709e+01
-5.216197919986414888e+01 4.087936803221566606e+00 5.561887457190960049e+01
-5.212914779077698313e+01 5.181903657042546740e+00 5.654961039738873296e+01
-5.195132865963338986e+01 6.653526371945567064e+00 5.719126249101873327e+01
-5.179602381634539654e+01 7.926011813325853694e+00 5.788242941991597945e+01
-5.158103659856016066e+01 9.049475437658735189e+00 5.849722322231377802e+01
-5.136320191581528150e+01 9.999821930145802895e+00 5.895837918668166822e+01
-5.126840542924590238e+01 1.081783022576358988e+01 5.932631353749388836e+01
-5.133670765256901802e+01 1.148837028534816085e+01 5.962238782186909702e+01
-5.125792101447666482e+01 1.214458520135885067e+01 6.015329358032386153e+01
-5.126839058594742937e+01 1.239085623608190190e+01 6.034702662487597991e+01
-5.129939437238678579e+01 1.299333506682033601e+01 6.065362219082794581e+01
-5.122206381722511992e+01 1.379773133421756981e+01 6.106907641624275129e+01
-5.139442729344773397e+01 1.453380107991215198e+01 6.126898869206206655e+01
-5.158646312546177626e+01 1.472973899989005986e+01 6.130935432053138356e+01
-5.195623486509956024e+01 1.478117094284785082e+01 6.116049257650684012e+01
-5.241174233597207888e+01 1.475335684778859857e+01 6.094843473814125900e+01
-5.301360039797431511e+01 1.436489141268837244e+01 6.048073678077662407e+01
-5.354126230509339734e+01 1.378864775016502620e+01 5.991996810746036317e+01
-5.399664973056432871e+01 1.319156329284725615e+01 5.954414898850745885e+01
-5.428559869454667819e+01 1.259857173366277294e+01 5.899716137786981562e+01
-5.460377855101508260e+01 1.195987767870860097e+01 5.863530820983260128e+01
-5.496031268869903386e+01 1.114060032611642725e+01 5.783458071546942847e+01
-5.517015749034247563e+01 1.062476935131799749e+01 5.743619949754747722e+01
-5.511912111364898692e+01 1.053789373513993155e+01 5.738029229871358439e+01
-5.514312464713478334e+01 1.048854973151801317e+01 5.729855288469343577e+01
-5.503195409785961090e+01 1.035573236808410513e+01 5.727481002405579602e+01
-5.500322105936918149e+01 1.026848835918464076e+01 5.732564645873117115e+01
-5.499427141212616732e+01 9.788415410119814197e+00 5.708358095466951454e+01
-5.509554335435792893e+01 8.742745727110271758e+00 5.662332164081453811e+01
-5.518846830151753124e+01 7.787677606719942247e+00 5.581165975874750984e+01
-5.512399128696591788e+01 6.882326253781595682e+00 5.541159000544053015e+01
-5.493162202464797872e+01 6.385024047701488570e+00 5.500484152010130856e+01
-5.488038763587911717e+01 6.164667107305970006e+00 5.495026808298371179e+01
-5.470977841257695218e+01 5.789107197127982829e+00 5.492570657631017639e+01
-5.448018683669177165e+01 5.352769291675084418e+00 5.465538492362179568e+01
-5.432310936617928121e+01 5.142402621938057194e+00 5.479535518695001883e+01
-5.407514114462709642e+01 4.381446957629670180e+00 5.424626924265066918e+01
-5.392885451142900877e+01 3.783839731027747177e+00 5.332619223210122072e+01
-5.379602461932303470e+01 3.474127244426391314e+00 5.302308840539853918e+01
-5.356745510268406463e+01 3.048297105023351605e+00 5.252826731942923288e+01
-5.329440105111562787e+01 2.675724006810106914e+00 5.166990408005653990e+01
-5.287528510264810677e+01 2.542900900629327055e+00 5.071958351882653915e+01
-5.273784746098867515e+01 2.432079560204336133e+00 5.069512067442315129e+01
-5.268660004261265328e+01 2.395743594523985109e+00 5.065060649764313894e+01
-5.257395295830116311e+01 2.393931221632755069e+00 5.039914545549800096e+01
-5.180348823107861733e+01 2.760076874252099799e+00 4.914366337322326217e+01
-5.096252800077554923e+01 3.155763203158443275e+00 4.851006749506495908e+01
-5.056281348566008660e+01 3.357409537162467927e+00 4.820912070982126352e+01
-5.005448255492981957e+01 3.588456075953914137e+00 4.795433799093871130e+01
-4.979970605179947540e+01 3.745906908559902604e+00 4.788506523527735226e+01
-4.968949453203281053e+01 3.770935562957816956e+00 4.797217742745374380e+01
-4.963304163503732980e+01 3.890534630265811700e+00 4.775747115735202897e+01
-4.945010348384388976e+01 3.880304550876090275e+00 4.772966863523765824e+01
-4.896378960649708745e+01 3.875677942226552375e+00 4.776508173193906259e+01
-4.851661663214277098e+01 3.936365737135339771e+00 4.774746448088330908e+01
-4.822021167412812304e+01 4.018068070367014855e+00 4.769019505185724483e+01
-4.817178035254164570e+01 4.020421265567058811e+00 4.766744331841027815e+01
-4.826413396325499150e+01 4.196490905269698146e+00 4.754069379867064526e+01
-4.832549530201679033e+01 4.790234467860372547e+00 4.724657660146067428e+01
-4.850118102943223164e+01 5.175879585292051388e+00 4.708281943839824635e+01
-4.876715958668052053e+01 5.480822520910571427e+00 4.683166996105819635e+01
-4.895981078762889638e+01 5.548071613689138815e+00 4.686468314209491837e+01
-4.940847094546890617e+01 5.561479789056896550e+00 4.673408112273773440e+01
-4.987439420667203649e+01 5.700003146510105978e+00 4.653801814266739711e+01
-5.009554681390788744e+01 5.837789308693160706e+00 4.641009079287459826e+01
-5.037035754345437510e+01 6.295005892693389171e+00 4.624600233269370619e+01
-5.044978988331051539e+01 6.716364417279294230e+00 4.596920516763520936e+01
-5.034124945835418430e+01 6.964010089383506852e+00 4.585324930085903361e+01
-5.002802981125900317e+01 7.273715054237911204e+00 4.571298170666091210e+01
-5.000060137602724808e+01 7.256074699402937256e+00 4.585293664523919688e+01
-4.936343501900857689e+01 7.670647344389905697e+00 4.564439480858686693e+01
-4.885861481792436223e+01 7.785315363863844595e+00 4.573736953257025561e+01
-4.817868078357247441e+01 7.968313069989299890e+00 4.565125404381842600e+01
-4.744756205221594314e+01 8.165094052519549450e+00 4.578750908724600777e+01
-4.655818215476439548e+01 8.398843734198962352e+00 4.586426498236187399e+01
-4.579561216355082820e+01 8.518640381336446410e+00 4.599827484394495514e+01
-4.486679161553286121e+01 8.827025033113471864e+00 4.595413635564432298e+01
-4.389996806345386915e+01 9.316182936002043391e+00 4.604983770362969153e+01
-4.300301473910056416e+01 1.019668871071680627e+01 4.583317956115911329e+01
-4.212841029749070287e+01 1.122225327662721028e+01 4.574323474790003274e+01
-4.147328902258254857e+01 1.233026250739113294e+01 4.563648758557292240e+01
-4.102290571502415162e+01 1.339778221552058213e+01 4.539990250431992536e+01
-4.085250569875421434e+01 1.397751902142931968e+01 4.522407298263624398e+01
-4.090586609014174257e+01 1.442573901798350278e+01 4.518680407154761269e+01
-4.101374239146960576e+01 1.471590396116569721e+01 4.516491021414663010e+01
-4.121020724764237286e+01 1.499976632552134959e+01 4.495601394458958566e+01
-4.142142188762448995e+01 1.526445403022301406e+01 4.489632405850875330e+01
-4.173362335706949011e+01 1.562490576494456818e+01 4.479102270909720573e+01
-4.200703997442901994e+01 1.631365404119311080e+01 4.456125940108745453e+01
-4.214765315442764404e+01 1.692747872222793859e+01 4.429332537394975589e+01
-4.243586244018311504e+01 1.743348012227984611e+01 4.424106968399314610e+01
-4.252656903908786035e+01 1.766253813051110555e+01 4.406125333614477313e+01
-4.275965258525801005e+01 1.775277016793637941e+01 4.408643179202067586e+01
-4.276664414133236392e+01 1.769696474157768051e+01 4.424727947370320180e+01
-4.257870646553260485e+01 1.756453539883924364e+01 4.422160985247978715e+01
-4.224255852250456655e+01 1.720259533269522123e+01 4.429186527221781944e+01
-4.200289622760870145e+01 1.687643680589141226e+01 4.442849437275026503e+01
-4.183602009185328541e+01 1.631366259044293088e+01 4.461284340589827480e+01
-4.167514349833579956e+01 1.579368425516632612e+01 4.481332188134729222e+01
-4.177522203507612630e+01 1.515701828474721680e+01 4.504966423444147949e+01
-4.195412551401301471e+01 1.468335629305551038e+01 4.510673747153100521e+01
-4.256620841870442007e+01 1.384131314511995470e+01 4.517882788734277710e+01
-4.359554741313829140e+01 1.272046952910023165e+01 4.543973436000760557e+01
-4.458948927097351600e+01 1.176073662817983490e+01 4.542991527084700465e+01
-4.579714735887117172e+01 1.091534637569160537e+01 4.549775806881575591e+01
-4.703131954292472017e+01 1.029623379894599466e+01 4.558693930950789763e+01
-4.807501804709312410e+01 9.832301594716803095e+00 4.557026267339460901e+01
-4.907638578553510911e+01 9.552805854209587721e+00 4.529580240531254276e+01
-5.060700316825494838e+01 8.938735729557230059e+00 4.539444963743221706e+01
-5.191506547779526670e+01 7.998799197220648693e+00 4.574413134860856189e+01
-5.255456158539566047e+01 7.640036340323256070e+00 4.589569389698135637e+01
-5.339593573107849522e+01 7.304419280473780418e+00 4.620854304538920587e+01
-5.379708826023556867e+01 7.385109679172948915e+00 4.621682762530372202e+01
-5.376389888426521679e+01 7.574188274933135290e+00 4.600780418296858443e+01
-5.365055940262080014e+01 7.824611953894766714e+00 4.584829869860868712e+01
-5.342104386954456174e+01 8.378093666137722551e+00 4.552985178330391136e+01
-5.281576805168725741e+01 9.205820233479890646e+00 4.502635601444126223e+01
-5.188957423078652198e+01 1.015052911273193814e+01 4.478628954132364015e+01
-5.033644716023576393e+01 1.204773958305627701e+01 4.464099076211959982e+01
-4.852081075911885932e+01 1.377607201443287721e+01 4.436836601826712467e+01
-4.709320111944182941e+01 1.518223401168313913e+01 4.447974028406952129e+01
-4.612412379311211907e+01 1.604641922237787099e+01 4.445971170011534923e+01
-4.538236967770542662e+01 1.659769968850450184e+01 4.443899661880664098e+01
-4.467516962455104590e+01 1.693600662682514724e+01 4.446499548581709860e+01
-4.398641921544677302e+01 1.735412386936749130e+01 4.442249213326090285e+01
-4.331373533155966982e+01 1.752930239872482687e+01 4.441315757792563090e+01
-4.275367590403062934e+01 1.776748516977581005e+01 4.432451925779810153e+01
-4.215669570505326647e+01 1.794582158738676370e+01 4.422272325157291561e+01
-4.161790159349638429e+01 1.815421336035657163e+01 4.411880330676126505e+01
-4.117759509454234035e+01 1.816153425015926715e+01 4.397257795388190971e+01
-4.075730186155610113e+01 1.811655963278826320e+01 4.393279916005371888e+01
-4.038388850896025417e+01 1.812137130882454272e+01 4.366990419938656487e+01
-3.997700486613219084e+01 1.801281616559846199e+01 4.363740813473691560e+01
-3.943028562050017172e+01 1.802665082288384824e+01 4.338169632455151259e+01
-3.919382594499010963e+01 1.776928424718993327e+01 4.335759398463414982e+01
-3.887936404037409943e+01 1.753340650372927811e+01 4.333016688395127858e+01
-3.839608810506656766e+01 1.729936976820440009e+01 4.331636697428416483e+01
-3.778762010319023545e+01 1.710440853875756417e+01 4.304615517646448097e+01
-3.700901911384802645e+01 1.709980932130871878e+01 4.254371481671205402e+01
-3.661277174108656141e+01 1.715436529741195315e+01 4.225271274933766108e+01
-3.630306833188016924e+01 1.720341846160888011e+01 4.206548858536643820e+01
-3.626290488622144892e+01 1.725197824637346145e+01 4.194990605233238057e+01
-3.603327621126315705e+01 1.781207523667459469e+01 4.135120199275797859e+01
-3.602891442568231639e+01 1.789610068951490263e+01 4.140778772667772500e+01
-3.617185041156631087e+01 1.838661252743342800e+01 4.093286796169218178e+01
-3.661188782534601671e+01 1.901886329050735114e+01 4.081364646783299577e+01
-3.693842475876401465e+01 1.958306740036998406e+01 4.081356760360040425e+01
-3.704379798797977230e+01 2.002128853390942709e+01 4.067219258987256580e+01
-3.728295617933325445e+01 2.029808372240389147e+01 4.059858076002387861e+01
-3.748187546151147842e+01 2.094527477881875299e+01 4.056645413796400135e+01
-3.740711188276537769e+01 2.200881905897951540e+01 4.024075231925189655e+01
-3.745016634408725054e+01 2.242143084940567022e+01 4.030521589652516923e+01
-3.732868329966099452e+01 2.288128424698307484e+01 4.028115708767995784e+01
-3.713805949347234048e+01 2.312397463300242251e+01 4.008022535155669175e+01
-3.670934842535685050e+01 2.395098512364181431e+01 3.989134667810617429e+01
-3.614348932819460458e+01 2.467027665436554784e+01 3.957929784596694844e+01
-3.543270173245856824e+01 2.519493415941408543e+01 3.905941943553966667e+01
-3.511197103455971558e+01 2.537529902046030372e+01 3.875796017195011700e+01
-3.451643773713612973e+01 2.545275780610817762e+01 3.843601482987014606e+01
-3.371412955810407652e+01 2.570548048832898047e+01 3.786481856556974890e+01
-3.316870615902679731e+01 2.572058416898653732e+01 3.746208348106415542e+01
-3.239141310730006751e+01 2.591465178277902837e+01 3.695361984825763102e+01
-3.223700837746375214e+01 2.580068167155008041e+01 3.682555549010294271e+01
-3.220238203232935348e+01 2.579160106929561280e+01 3.675983731909354901e+01
-3.220663185249844673e+01 2.578722412473080183e+01 3.675865354795450912e+01
-3.219372122818600701e+01 2.579986459305432334e+01 3.659880071070483609e+01
-3.226412000005960579e+01 2.550926645100779666e+01 3.648331419639976048e+01
-3.250583795768164919e+01 2.505178771010365324e+01 3.629173035550707027e+01
-3.270343909070919608e+01 2.439041881182099658e+01 3.604238902770248387e+01
-3.272937518596010875e+01 2.383371155829386012e+01 3.577671403710382947e+01
-3.255947851127771742e+01 2.366342008013229403e+01 3.550641066321486505e+01
-3.227279958680267669e+01 2.355573033009130057e+01 3.522976730615869201e+01
-3.221531377048550837e+01 2.299792434007646946e+01 3.501082516475844386e+01
-3.204914435924096949e+01 2.294383328006212608e+01 3.489214111024489284e+01
-3.183224782622669125e+01 2.279975733823233242e+01 3.461450542254510765e+01
-3.152471214825852996e+01 2.260218345407498930e+01 3.416863411197164169e+01
-3.127754805721794185e+01 2.238003585672045048e+01 3.392592842621002092e+01
-3.103017481819071577e+01 2.231382239714162097e+01 3.365043730445904657e+01
-3.066631979647145556e+01 2.193699486012311439e+01 3.327753190438670572e+01
-3.044341473446765178e+01 2.158833347827317795e+01 3.335134904222127261e+01
-3.023262661399046181e+01 2.150659308087223565e+01 3.316715204947217899e+01
-3.017463335860107065e+01 2.148433781576921930e+01 3.316186261795155588e+01
-3.008739368088073718e+01 2.153426174990642394e+01 3.299103590944378084e+01
-3.011729634349177331e+01 2.157063558474759901e+01 3.293508330683721397e+01
-2.999751429226040500e+01 2.161219805464100574e+01 3.273855613084651850e+01
-2.974499631187585180e+01 2.168377905974395148e+01 3.240007324211933337e+01
-2.943469855450116768e+01 2.191926436645442777e+01 3.196853538464256417e+01
-2.891680139305664454e+01 2.234994468845810900e+01 3.147660271721474601e+01
-2.891071263544503722e+01 2.240181861205494940e+01 3.143642455469921515e+01
-2.902658493176886623e+01 2.234138907523327688e+01 3.163893080348748299e+01
-2.901704789004493534e+01 2.234530184317403467e+01 3.160169048143302462e+01
-2.896081168739192435e+01 2.239710561810198186e+01 3.149901097398173988e+01
-2.928115176476785564e+01 2.259980559537939371e+01 3.140228175435163394e+01
-2.976423029768889705e+01 2.386688505636717750e+01 3.201705129290166951e+01
-2.907357116661273722e+01 2.538302712317309329e+01 3.247996297233362384e+01
-2.811167533625749115e+01 2.665205016526639525e+01 3.270633017898785511e+01
-2.768188131236540528e+01 2.687514992415535886e+01 3.245234487001334855e+01
-2.744588060841827826e+01 2.680145834435980490e+01 3.199534700927597441e+01
-2.718775956981194497e+01 2.681740097369562648e+01 3.170270727540673761e+01
-2.666086321622545086e+01 2.691205839643752284e+01 3.092062724836682719e+01
-2.639787464583523047e+01 2.689164388793655647e+01 3.051888833472094120e+01
-2.572018720130785141e+01 2.700020166629299467e+01 2.973310392994972062e+01
-2.539083084738882690e+01 2.699702499796800126e+01 2.925452927562446348e+01
-2.491164663957761150e+01 2.720988220023464521e+01 2.886962108088982859e+01
-2.438911806800025772e+01 2.739839024828880554e+01 2.822918740714294472e+01
-2.422562049662275285e+01 2.761842978445788788e+01 2.830471622882987504e+01
-2.395353370807829663e+01 2.788890848188619032e+01 2.823631805999025346e+01
-2.327995571725094237e+01 2.871706258032358505e+01 2.827369165073105250e+01
-2.269088847531165243e+01 2.954497786958263461e+01 2.823795275665111149e+01
-2.240247710994700014e+01 2.971807065865703379e+01 2.792004752262027978e+01
-2.222072012480167302e+01 2.972698971611601593e+01 2.764097721776806793e+01
-2.184303473315186750e+01 2.959483597783133035e+01 2.674014403647811378e+01
-2.147699213964378373e+01 2.923826726702329637e+01 2.571781069328767444e+01
-2.116645526708055058e+01 2.851257175501096341e+01 2.474327968039051484e+01
-2.122868727192293647e+01 2.781374983067011897e+01 2.435231880268906934e+01
-2.111309214798492917e+01 2.757912443109967882e+01 2.398535031148435337e+01
-2.104783202113763707e+01 2.749827895781552556e+01 2.401747169391728676e+01
-2.101731662889950769e+01 2.749652374972037450e+01 2.398948036956335272e+01
-2.102002260314705495e+01 2.750514111401080086e+01 2.399047880017269563e+01
-2.099160702164195413e+01 2.751588130780670838e+01 2.389391942531938184e+01
-2.105873400140619367e+01 2.747192802652634924e+01 2.404501394808039549e+01
-2.102217185128458254e+01 2.748673519078198524e+01 2.396922030869791342e+01
-2.110043610586532736e+01 2.745489411770216037e+01 2.407834757885325416e+01
-2.142931021134378966e+01 2.709112915978432312e+01 2.385062191461452130e+01
-2.211601067798667941e+01 2.598436464286982073e+01 2.308257539352030108e+01
-2.208258627511375494e+01 2.483086610870488897e+01 2.224050016734622659e+01
-2.138038873252581595e+01 2.405719407539390886e+01 2.128758736599615986e+01
-2.060049282046172436e+01 2.376090079789666376e+01 2.056018516031940635e+01
-2.003395518152161969e+01 2.374179571532481248e+01 2.006483892276628467e+01
-1.948838675315582236e+01 2.389158082395978511e+01 1.967679042658187427e+01
-1.942340291999228441e+01 2.389818498160592242e+01 1.971064148100140301e+01
-1.922731938225369674e+01 2.420781985401130143e+01 1.957391887917538043e+01
-1.863936346820220535e+01 2.529371402089044096e+01 1.944170009360459517e+01
-1.776770490746586972e+01 2.636335914807183656e+01 1.930391490736997184e+01
-1.681046054458450101e+01 2.728201340561305699e+01 1.897727182223297859e+01
-1.613921036979223800e+01 2.732477349891743046e+01 1.860662349467133936e+01
-1.543052693828637700e+01 2.719152233790797624e+01 1.818341201078283120e+01
-1.468270924844452452e+01 2.698745267378569679e+01 1.764179030897435041e+01
-1.423794817218174558e+01 2.657642759135659105e+01 1.747404344528331421e+01
-1.347054405405486932e+01 2.628859306436871179e+01 1.700167987534746317e+01
-1.276960794218537387e+01 2.567782910437326649e+01 1.673329350395442816e+01
-1.196485086178977042e+01 2.503286486304990532e+01 1.629451431014172158e+01
-1.099608359013346615e+01 2.446287135569705740e+01 1.589362563147278706e+01
-1.006927689192812636e+01 2.370653198054878885e+01 1.565119478918131790e+01
-9.370279256607560114e+00 2.319874471663206350e+01 1.550228367775912375e+01
-8.997336348896013192e+00 2.269215548478244315e+01 1.523559342721137000e+01
-8.950761385530768166e+00 2.208296165040724901e+01 1.519741706231457101e+01
-8.941939406918152144e+00 2.155746936701236294e+01 1.512855115777210813e+01
-9.340823362769057780e+00 2.075158930511168975e+01 1.516936096931976863e+01
-9.793887336503274810e+00 1.968804237292738080e+01 1.527002954685099212e+01
-1.022465959496209109e+01 1.867786716108496847e+01 1.525397258028260694e+01
-1.034712718753290517e+01 1.771255228943323701e+01 1.522727376647276287e+01
-1.038936778382600323e+01 1.728735748717918597e+01 1.533515142288683819e+01
-1.036393136872897003e+01 1.713121296207978972e+01 1.530528797612601011e+01
-1.034408175951993769e+01 1.704564401020104114e+01 1.524754097649406503e+01
-1.057897089528063361e+01 1.670651693453097764e+01 1.530910630027233310e+01
-1.065280944529276042e+01 1.617304941801469198e+01 1.530404291175159415e+01
-1.055894436862332952e+01 1.566318790588496768e+01 1.536619612803542623e+01
-1.028612439543536539e+01 1.528672566475488992e+01 1.531376169894770101e+01
-9.695705592077956680e+00 1.515158816672636632e+01 1.508685060235120545e+01
-9.086312058435552785e+00 1.523465977630302959e+01 1.501204005713475453e+01
-8.276396178730976771e+00 1.570182619811498625e+01 1.477687796311738566e+01
-7.505753317976328276e+00 1.635690372995639663e+01 1.469309758010990663e+01
-6.988208949936549175e+00 1.661839206582908446e+01 1.457837490320571305e+01
-6.739475583326893116e+00 1.655961690170123646e+01 1.456730208139538263e+01
-6.067589578758344260e+00 1.643854630764421643e+01 1.439472768048017315e+01
-5.493880042728534363e+00 1.615516101563349949e+01 1.437320189223919442e+01
-5.339484435608014223e+00 1.542722634771383383e+01 1.442310497702578687e+01
-5.468940748893714954e+00 1.465683124096364054e+01 1.437187134854048054e+01
-6.138024867179353805e+00 1.342598246832421438e+01 1.444298980440476043e+01
-6.830869422997011498e+00 1.182836813424031064e+01 1.438951473145812088e+01
-7.275796037578388109e+00 1.061198351584666355e+01 1.448087403712065679e+01
-7.412482980034241109e+00 9.838919729887571464e+00 1.441188414536873097e+01
-7.724079546379257977e+00 8.864466242417385899e+00 1.446131859127126518e+01
-7.925269203956077035e+00 8.030399301535659617e+00 1.441356736213174372e+01
-8.265438409835681455e+00 6.991291757940246043e+00 1.431532299490891091e+01
-8.769872284959930653e+00 5.626921778600170398e+00 1.425170885904594797e+01
-9.284618796346833847e+00 4.409889376291722840e+00 1.411847992863931722e+01
-9.461883685664105315e+00 3.831348095161800416e+00 1.409728065595140833e+01
-9.530923057792577424e+00 3.608206863509771267e+00 1.413392563644492839e+01
-9.517948217443816361e+00 3.614622745933864678e+00 1.406655146560933645e+01
-9.576756532345200412e+00 3.488839206888997069e+00 1.408213681614597590e+01
-9.884352451759653491e+00 2.658863275737296306e+00 1.404914836174475568e+01
-1.008213416800529671e+01 1.965429873333867761e+00 1.390381800194973039e+01
-1.026474386335463862e+01 8.294335223915680899e-01 1.375420602767235323e+01
-1.042793454691015143e+01 1.479952344903239236e-01 1.364804072004176305e+01
-1.053535833394880683e+01 -4.937422972547693689e-01 1.352998419508344341e+01
-1.056370383470108720e+01 -1.094305588505193327e+00 1.345553408719615618e+01
-1.079072622153545069e+01 -1.969427631269397239e+00 1.330517953343974114e+01
-1.098465761230123405e+01 -2.645022115676276542e+00 1.324391513669934284e+01
-1.139862531320211758e+01 -3.827084498526929224e+00 1.319872051413972258e+01
-1.173064570355309399e+01 -4.826845347536114161e+00 1.315843365939417708e+01
-1.206823407975292639e+01 -5.678555607081641199e+00 1.326957683626619655e+01
-1.249069496529750722e+01 -6.548017328783238611e+00 1.343870154984597320e+01
-1.257672939560241332e+01 -6.895223345101832990e+00 1.345671808915312795e+01
-1.269685986703510139e+01 -6.981511179302195558e+00 1.349217774008889137e+01
-1.294948285647664932e+01 -7.130660257255748036e+00 1.343532645846084961e+01
-1.402177289484112066e+01 -8.317183879734194818e+00 1.363328277401296873e+01
-1.501621159316950127e+01 -9.519472334094913890e+00 1.386125022750707103e+01
-1.630147376656103120e+01 -1.117922466287567573e+01 1.458798101092384059e+01
-1.729167313707536380e+01 -1.250594214273066740e+01 1.532242710027412613e+01
-1.795437440936565565e+01 -1.336586598429204997e+01 1.584601587334373107e+01
-1.833061967174468521e+01 -1.361672897818927197e+01 1.611437198231396906e+01
-1.874392080539101357e+01 -1.359440881431098092e+01 1.624802313608074655e+01
-1.946543105262988149e+01 -1.375459463332116172e+01 1.659509055137482392e+01
-2.021186533559382781e+01 -1.401213199078866012e+01 1.704816561183429258e+01
-2.071831592473674277e+01 -1.401064935959698943e+01 1.730513584937193627e+01
-2.106955829926764068e+01 -1.397589256252803835e+01 1.742406281997500628e+01
-2.160646955718884499e+01 -1.381236376309560399e+01 1.762563603250077904e+01
-2.222043842163968463e+01 -1.378421931204859163e+01 1.786494154223464648e+01
-2.294309955210761132e+01 -1.387701990158149101e+01 1.826191201909546180e+01
-2.355267502595322071e+01 -1.398375692308587048e+01 1.862676535091100050e+01
-2.430989102563064819e+01 -1.419656905634474953e+01 1.906982544100515042e+01
-2.527701148254756447e+01 -1.455131760973799970e+01 1.974241379192721979e+01
-2.695713596067524520e+01 -1.548835662344908570e+01 2.098588315755478106e+01
