-2.789706369375436878e+01 -2.341904452486839148e+02 -1.293373040980088945e+03
-2.805381273605136272e+01 -2.340954046764231578e+02 -1.293340554385397354e+03
-2.792893433288531213e+01 -2.342011449083547348e+02 -1.293371486202929646e+03
-2.797010074583904071e+01 -2.341711341999707940e+02 -1.293340817302681671e+03
-2.779217590889123102e+01 -2.341747543360224029e+02 -1.293410115813270068e+03
-2.791806880638450394e+01 -2.341895584439828895e+02 -1.293331056661827233e+03
-2.788862869095914476e+01 -2.342130436144328769e+02 -1.293339571026782778e+03
-2.780222541095928790e+01 -2.341899499648475569e+02 -1.293349861542292274e+03
-2.792813891744317090e+01 -2.342082689679702980e+02 -1.293367032979938813e+03
-2.789523746163012419e+01 -2.341896962453897117e+02 -1.293374960852784170e+03
-2.793414670991305826e+01 -2.341692046767820443e+02 -1.293343624388777016e+03
-2.781026284352331146e+01 -2.342012263404848511e+02 -1.293328164180003569e+03
-2.784195548823495159e+01 -2.341887098743199829e+02 -1.293387092971825496e+03
-2.795557343362767000e+01 -2.341489408136026782e+02 -1.293322552766230501e+03
-2.799497781178121869e+01 -2.341341012632349816e+02 -1.293342909678807928e+03
-2.797238485276863429e+01 -2.341599807842022187e+02 -1.293352672541729589e+03
-2.786971567869937161e+01 -2.341579408980127823e+02 -1.293381663898954912e+03
-2.793901316929761691e+01 -2.341400897033163631e+02 -1.293381338348458939e+03
-2.788021997396879925e+01 -2.341202420237116257e+02 -1.293379056672998558e+03
-2.790124824157353345e+01 -2.341235316221136884e+02 -1.293370245394306039e+03
-2.789742025368638423e+01 -2.341730451205023940e+02 -1.293354263019681412e+03
-2.784599044431693216e+01 -2.341688431612468833e+02 -1.293370451628937190e+03
-2.755821518503066869e+01 -2.343486733661338519e+02 -1.293364191013546133e+03
-2.734260648672593419e+01 -2.344153275802717928e+02 -1.293459267970431711e+03
-2.712872073337955925e+01 -2.344760020711957793e+02 -1.293504677707005385e+03
-2.711251087121207348e+01 -2.344972347286632441e+02 -1.293457233024798825e+03
-2.687385959116313217e+01 -2.346169320593794794e+02 -1.293407820568741954e+03
-2.670700553522733145e+01 -2.345862988037328023e+02 -1.293429473694693797e+03
-2.669842673603505290e+01 -2.347108854017124600e+02 -1.293441018172292161e+03
-2.638176812928862347e+01 -2.347810541310189478e+02 -1.293422095883693828e+03
-2.617610640998729110e+01 -2.348984297218595714e+02 -1.293364929060201575e+03
-2.583581157904560399e+01 -2.350085279747058848e+02 -1.293326551262216071e+03
-2.562508880829525282e+01 -2.350459350074836777e+02 -1.293298453771081768e+03
-2.567767180132729976e+01 -2.350819456192604662e+02 -1.293308454864172745e+03
-2.564239463785782647e+01 -2.350296957987175404e+02 -1.293354945931007251e+03
-2.525188580653294679e+01 -2.351244726040358159e+02 -1.293273962619586428e+03
-2.449152161993446697e+01 -2.353185055813358701e+02 -1.292985757269441137e+03
-2.387099317441475677e+01 -2.355355131923007264e+02 -1.292852937647509179e+03
-2.379621061723177178e+01 -2.354780530083605470e+02 -1.292885219867795058e+03
-2.381673561420728191e+01 -2.355097487672928196e+02 -1.292858192496961692e+03
-2.375794744716612428e+01 -2.354796636505848255e+02 -1.292845484488219199e+03
-2.376665752012987554e+01 -2.354540903902261562e+02 -1.292827842364486287e+03
-2.363001463882907416e+01 -2.354138713325705794e+02 -1.292571172679979099e+03
-2.206964265961769200e+01 -2.354049713725666777e+02 -1.291483962932245277e+03
-2.174947956533819848e+01 -2.354145488138355518e+02 -1.291318445624947344e+03
-2.163799617787258711e+01 -2.354028124053398585e+02 -1.291288139174028856e+03
-2.138601061740676101e+01 -2.353632929396304121e+02 -1.290974773662896268e+03
-2.082353291258780104e+01 -2.353360926286076165e+02 -1.290747410465817438e+03
-2.040828774686038827e+01 -2.352595162286950483e+02 -1.290512696613874368e+03
-2.017745705935279688e+01 -2.353372403537036917e+02 -1.290529000983102378e+03
-1.989231969632236741e+01 -2.353041464252478647e+02 -1.290311432260197762e+03
-1.948446245376839414e+01 -2.352511273651772967e+02 -1.290146080754407876e+03
-1.914259947494668523e+01 -2.352522787607046553e+02 -1.290042758698130228e+03
-1.899466199134403865e+01 -2.352869217936364237e+02 -1.289951458418585844e+03
-1.853073653078246963e+01 -2.352210284000127842e+02 -1.289720031099685002e+03
-1.821367738249305290e+01 -2.352814152747241110e+02 -1.289688413950737186e+03
-1.783249025063837934e+01 -2.351825179886066053e+02 -1.289520365721975395e+03
-1.757159062899130930e+01 -2.351746431390932344e+02 -1.289436950493728091e+03
-1.723238158944797505e+01 -2.351987698292655296e+02 -1.289376068874638349e+03
-1.670624415001683616e+01 -2.351776042162787235e+02 -1.289226431773230388e+03
-1.627341171068217562e+01 -2.351604462918543277e+02 -1.289104598175503270e+03
-1.562960226864850455e+01 -2.351267691174038532e+02 -1.288909582721227707e+03
-1.491659559832034887e+01 -2.351096409279137163e+02 -1.288757707433106589e+03
-1.419026934941334872e+01 -2.350579434972383979e+02 -1.288586894852972819e+03
-1.397007751904771311e+01 -2.350282771814219416e+02 -1.288536199932667387e+03
-1.347581346801502633e+01 -2.350212298310638346e+02 -1.288447328440972115e+03
-1.313162448030586660e+01 -2.350103573328963193e+02 -1.288414358810207432e+03
-1.255268893124482332e+01 -2.350674399251107616e+02 -1.288342684309803190e+03
-1.227928566958987489e+01 -2.350843927661780697e+02 -1.288338395359329979e+03
-1.184724606883961684e+01 -2.350621869546878884e+02 -1.288214028097016353e+03
-1.138409324329364125e+01 -2.350852503835476739e+02 -1.288306921798539406e+03
-1.095706387657882175e+01 -2.351297128542086909e+02 -1.288299910449834897e+03
-1.066496882499277632e+01 -2.351491823126627310e+02 -1.288320033805613321e+03
-1.029639010611521854e+01 -2.351770078533180310e+02 -1.288304076525923620e+03
-9.329056145000059530e+00 -2.352666808668906526e+02 -1.288265174953106907e+03
-8.552460967482197418e+00 -2.351778774793347964e+02 -1.288217153591337819e+03
-7.786142961556258513e+00 -2.352385754006477327e+02 -1.288240043442726346e+03
-7.357021141895792482e+00 -2.352764391316735555e+02 -1.288304096362578775e+03
-6.836475308406384954e+00 -2.353263193618538196e+02 -1.288281754959311456e+03
-6.892796213164167796e+00 -2.353127221545525458e+02 -1.288352670432847617e+03
-6.815688329812580548e+00 -2.353195843603876369e+02 -1.288370162520631993e+03
-6.708692307425316415e+00 -2.353617360951896273e+02 -1.288437230632870751e+03
-6.526531390729239490e+00 -2.354000593674643653e+02 -1.288583769330709629e+03
-6.056147123955803124e+00 -2.356239010712469053e+02 -1.288838742845273600e+03
-5.922127099896606239e+00 -2.357431145209166345e+02 -1.289057087541144938e+03
-5.671529851866786487e+00 -2.359132819199362530e+02 -1.289348207043656203e+03
-5.689144778272783753e+00 -2.360341501589252857e+02 -1.289589786267918953e+03
-5.708897483410417806e+00 -2.361757265450125090e+02 -1.289721052321290927e+03
-5.836280155846345963e+00 -2.363344334248375560e+02 -1.290002394619951019e+03
-6.144502473203836246e+00 -2.365365748249018054e+02 -1.290320817628512259e+03
-6.381539451066494451e+00 -2.365888603324024189e+02 -1.290478290539178943e+03
-6.925938563159171224e+00 -2.366759184621861607e+02 -1.290649763822521891e+03
-7.388207979976421313e+00 -2.367655810302161115e+02 -1.290823849804025713e+03
-8.005779844252124633e+00 -2.368808726767341000e+02 -1.290986455468971144e+03
-8.423740480211542092e+00 -2.369531603394835599e+02 -1.291077018481904588e+03
-9.362958928770588329e+00 -2.369987946328574253e+02 -1.291229257552451827e+03
-1.012816946955704367e+01 -2.370259967893734938e+02 -1.291305225960615189e+03
-1.017499429580893633e+01 -2.370381904599800862e+02 -1.291398968951146117e+03
-1.015508826451682722e+01 -2.371244680664876512e+02 -1.291431425536730103e+03
-1.017425912053669634e+01 -2.372803072200354677e+02 -1.291763154421247009e+03
-9.977271561310708137e+00 -2.373879425936527241e+02 -1.292027213359885081e+03
-9.803126233610349516e+00 -2.375427859619146602e+02 -1.292278653062100602e+03
-9.516103665353178087e+00 -2.376225452336791477e+02 -1.292492859129950375e+03
-8.981815993474192794e+00 -2.377022674544651579e+02 -1.292760699540789574e+03
-8.506501710406759287e+00 -2.378457069443365697e+02 -1.292874498517585380e+03
-7.793277150048304236e+00 -2.378430549070251914e+02 -1.292959276681243409e+03
-7.201564759139209571e+00 -2.378580655935606103e+02 -1.292947703529578121e+03
-6.355267461726704425e+00 -2.377721011236127708e+02 -1.292809219886904657e+03
-5.482275436549649328e+00 -2.377405436650786044e+02 -1.292812995075514436e+03
-4.645923711619637686e+00 -2.376678402238699732e+02 -1.292788945187161971e+03
-3.622813469288409749e+00 -2.376226631859002794e+02 -1.292700200245416227e+03
-3.612552975749757422e+00 -2.375089593015302114e+02 -1.292611900566334270e+03
-3.289583117036919191e+00 -2.375080050253310162e+02 -1.292505810258846623e+03
-2.995332365346946801e+00 -2.374224353457379948e+02 -1.292312598337638065e+03
-2.241894023271377989e+00 -2.372032257013220544e+02 -1.291984305358906795e+03
-1.697818006485228182e+00 -2.370164444061600477e+02 -1.291732432229924370e+03
-1.254279617184387519e+00 -2.368437067119100448e+02 -1.291527399991503671e+03
-6.169782420091536324e-01 -2.367281465499333422e+02 -1.291430562085164638e+03
-3.932699302779241179e-01 -2.366880563169201821e+02 -1.291360436358775814e+03
2.534150378259809600e-01 -2.364893290740251075e+02 -1.291186370978410878e+03
9.749519983770014164e-01 -2.363246739421628035e+02 -1.291099819778774645e+03
2.014385601506319290e+00 -2.362093661345882083e+02 -1.291056671118057466e+03
2.432426324873688372e+00 -2.360926181586719679e+02 -1.291052022177576191e+03
3.563080498504206162e+00 -2.359154481948702369e+02 -1.291079069513841887e+03
3.689213634630043259e+00 -2.357702871351285978e+02 -1.291029972768241578e+03
4.928565800403724495e+00 -2.356184252947969355e+02 -1.291077521807109406e+03
5.670429241300716683e+00 -2.354928481753163680e+02 -1.291177465153641833e+03
6.513512407500222423e+00 -2.352003354682139218e+02 -1.291174308388314103e+03
7.528914030406347990e+00 -2.351137411281286518e+02 -1.291295790729045848e+03
8.420834734374217589e+00 -2.348710589112445462e+02 -1.291332517478977934e+03
9.622028119244220079e+00 -2.347062121632637570e+02 -1.291550828718496405e+03
1.048977094967814594e+01 -2.344291851160764679e+02 -1.291643225928417223e+03
1.188784772977987103e+01 -2.342190673214285539e+02 -1.291960405067691909e+03
1.319975052793378012e+01 -2.339584437450669441e+02 -1.292365258066472734e+03
1.423336226649689706e+01 -2.338840710100105866e+02 -1.292717221920694101e+03
1.474766086319422698e+01 -2.337343044460785393e+02 -1.293042065227391276e+03
1.527839621610353760e+01 -2.337127865359113343e+02 -1.293345628264791230e+03
1.548711393929082902e+01 -2.337038715539115401e+02 -1.293458728481093203e+03
1.581660669406102926e+01 -2.337542169683426323e+02 -1.293741439766201893e+03
1.596184225049805860e+01 -2.337756624755210737e+02 -1.293940434754822945e+03
1.622065903100320838e+01 -2.338202696005618577e+02 -1.294188271567720676e+03
1.649929742000830402e+01 -2.338679251601195404e+02 -1.294552277847452615e+03
1.663537500898718235e+01 -2.339663612138147357e+02 -1.294894483956578142e+03
1.663606017637007994e+01 -2.340286151889397956e+02 -1.295184557176882208e+03
1.678504624551007396e+01 -2.341204882860588441e+02 -1.295424844946260691e+03
1.695238968304377636e+01 -2.343065316045838813e+02 -1.295806744157829598e+03
1.678370414809479882e+01 -2.343481337785801770e+02 -1.296069871426194140e+03
1.675094213334650561e+01 -2.344663674694667463e+02 -1.296422762788752834e+03
1.679504788330851994e+01 -2.345588389212823017e+02 -1.296628157952877473e+03
1.667744401369698437e+01 -2.346716561748064578e+02 -1.297010820365780773e+03
1.661511117189764519e+01 -2.347851940676929416e+02 -1.297400879393578862e+03
1.664009801190448457e+01 -2.348523204268623772e+02 -1.297628333570623226e+03
1.667567779919073701e+01 -2.350373683513969070e+02 -1.298379166065222080e+03
1.648396201307070186e+01 -2.351113304788369760e+02 -1.299138853731829613e+03
1.643747720594434725e+01 -2.351111104718213767e+02 -1.299137410808135655e+03
1.637352475570692434e+01 -2.351783643386637550e+02 -1.299153579660080823e+03
1.610395961285178146e+01 -2.352271336283498613e+02 -1.299132298537876068e+03
1.595899593873663491e+01 -2.352903338148005048e+02 -1.299116098291482785e+03
1.572998725560057665e+01 -2.354535365584575857e+02 -1.299085463795934402e+03
1.552452141934621466e+01 -2.355052972700101463e+02 -1.299058341489599343e+03
1.528903202741786771e+01 -2.356426147655561465e+02 -1.299024203763955711e+03
1.507728399961376908e+01 -2.358122575387193365e+02 -1.299008760659947711e+03
1.509785848717006473e+01 -2.362846296339877199e+02 -1.299181207796066928e+03
1.493871845787732155e+01 -2.368530282686177770e+02 -1.300393230891471376e+03
1.477234992290529902e+01 -2.370943419797341676e+02 -1.301146634051089222e+03
1.467600707370419144e+01 -2.372713199561352724e+02 -1.301695394514458030e+03
1.460010944829056712e+01 -2.373545508131670374e+02 -1.301899521779562292e+03
1.452501509208975250e+01 -2.375457310595520823e+02 -1.302289586577660430e+03
1.411173060618342134e+01 -2.377483334821195342e+02 -1.302715297805100818e+03
1.394644764189494168e+01 -2.379311982115247019e+02 -1.303000109828330096e+03
1.348056526578004366e+01 -2.380845230420636653e+02 -1.303321896854962006e+03
1.314363190020159067e+01 -2.382289986749870820e+02 -1.303545401458771494e+03
1.277256263164763084e+01 -2.383934717242586601e+02 -1.303802270522819981e+03
1.241709341523178267e+01 -2.385803114511049330e+02 -1.304188374735927027e+03
1.227803574264075337e+01 -2.387223048738453315e+02 -1.304676876589206358e+03
1.255668623230312875e+01 -2.388987233836868143e+02 -1.305205040520841294e+03
1.265377395835130159e+01 -2.388860478457733905e+02 -1.305650472278634652e+03
1.289003739526519610e+01 -2.388857171315532923e+02 -1.305752177673122105e+03
1.338717312805326287e+01 -2.387958299998420841e+02 -1.306070653544090419e+03
1.391112269158782055e+01 -2.387409087374380476e+02 -1.306355523906949202e+03
1.457871304915285293e+01 -2.385716796685637746e+02 -1.306627211637330447e+03
1.528146810856132731e+01 -2.383651924546117300e+02 -1.306759095703209368e+03
1.597649689066421530e+01 -2.381297293593808035e+02 -1.306861483914591872e+03
1.649868525548220788e+01 -2.378662356161695755e+02 -1.306812612351901407e+03
1.711319437660364429e+01 -2.374579423696435470e+02 -1.306828492298655192e+03
1.736837428514444071e+01 -2.374676155744955963e+02 -1.306788915802796282e+03
1.773469789206561131e+01 -2.373211006693089757e+02 -1.306771986253166688e+03
1.839347907941561999e+01 -2.371096913780643263e+02 -1.307017646641139436e+03
1.896021366937340957e+01 -2.368513082819449096e+02 -1.307151585390547098e+03
1.927698056133161941e+01 -2.366149208123045184e+02 -1.307149248846784076e+03
1.993256039977093508e+01 -2.363916703066607568e+02 -1.307162346754314058e+03
2.019765269273649011e+01 -2.361580983944694481e+02 -1.306899350773110655e+03
2.049652555675375254e+01 -2.359929787771122562e+02 -1.306737330706030662e+03
2.075792993369648087e+01 -2.357342093355250938e+02 -1.306391910138042022e+03
2.108093401630132036e+01 -2.354798814663857911e+02 -1.306074187729908090e+03
2.157695561097629167e+01 -2.351977113496975278e+02 -1.305733088338709194e+03
2.182498972708025775e+01 -2.349016442412914785e+02 -1.305455493670878695e+03
2.209708229405053004e+01 -2.346593099492129113e+02 -1.305102185954010793e+03
2.245482960890041113e+01 -2.343501238875829529e+02 -1.304830574296353234e+03
2.284017397269407468e+01 -2.340519992125263968e+02 -1.304639926169781802e+03
2.325880689703114967e+01 -2.337920894556568214e+02 -1.304552272171384175e+03
2.369853876247245239e+01 -2.334700421095566867e+02 -1.304330318443734086e+03
2.402797627509936973e+01 -2.331949388032360275e+02 -1.304286827217927566e+03
2.460788421174570573e+01 -2.329426221574614999e+02 -1.304409787649530472e+03
2.490203414091312339e+01 -2.326291722705814209e+02 -1.304551969744847156e+03
2.551023357154237914e+01 -2.323459485246824556e+02 -1.304642467115354066e+03
2.583369854972661983e+01 -2.321460467104000713e+02 -1.304695775522207896e+03
2.641282295090455534e+01 -2.317164670482590338e+02 -1.304883763828526298e+03
2.706120907874510806e+01 -2.312775121449748497e+02 -1.304951564879516809e+03
2.775359288052148798e+01 -2.307918845292330161e+02 -1.305177328727133272e+03
2.830262146563897119e+01 -2.304420871909530035e+02 -1.305446430479263427e+03
2.882473334289562672e+01 -2.301375046453551931e+02 -1.305781684052521541e+03
2.893493504981848474e+01 -2.299772727797823393e+02 -1.306046204040975226e+03
2.920477762280846434e+01 -2.298628740348027861e+02 -1.306574659702726649e+03
2.948608398171450062e+01 -2.298372026260636574e+02 -1.306995705911278264e+03
2.968965571700304906e+01 -2.299085424666458266e+02 -1.307779808706110543e+03
2.968330552652774657e+01 -2.299240712913602351e+02 -1.308348435374502060e+03
2.970280164424982416e+01 -2.300411980177777309e+02 -1.308864445736443031e+03
2.972483514571499086e+01 -2.301011636808210028e+02 -1.308916490284151223e+03
2.971817888741428249e+01 -2.303472323901270045e+02 -1.309723228801978394e+03
2.955393916712427682e+01 -2.304603997199378114e+02 -1.310221575057245445e+03
2.934903061965562188e+01 -2.307018669544210923e+02 -1.310676057822217672e+03
2.900984387733087999e+01 -2.309808664832185627e+02 -1.310982432185763400e+03
2.861418291554503668e+01 -2.313447734378230791e+02 -1.311261523199113753e+03
2.815827183670990053e+01 -2.317880770728130813e+02 -1.311443045785953700e+03
2.769267041269421981e+01 -2.323173432716247362e+02 -1.311579234687053486e+03
2.702213859282516495e+01 -2.329556470107420125e+02 -1.311597493918120790e+03
2.618824671684456007e+01 -2.335260693322336749e+02 -1.311711389726731113e+03
2.573149505367325673e+01 -2.340883395014368489e+02 -1.311705154510258353e+03
2.492760636561108356e+01 -2.346354173668131295e+02 -1.311449056238938283e+03
2.445613125295993484e+01 -2.349729969333567112e+02 -1.311358137187527291e+03
2.386113010594596773e+01 -2.354334959911500107e+02 -1.311402565327518687e+03
2.313536697268209252e+01 -2.359725808198173524e+02 -1.311228970811825093e+03
2.242966825562056954e+01 -2.365177706117428329e+02 -1.311362600530464761e+03
2.144128746936753060e+01 -2.371174604690095862e+02 -1.311044847525385649e+03
2.026278343105968105e+01 -2.377625183743724619e+02 -1.310796034402042324e+03
1.916114182606123961e+01 -2.383079598806636454e+02 -1.310659463103598682e+03
1.841672801207707266e+01 -2.387687562895838482e+02 -1.310552508939770632e+03
1.761937669771705828e+01 -2.391146793285087142e+02 -1.310654593866197729e+03
1.748954449274937417e+01 -2.393982425287873355e+02 -1.311044864924184594e+03
1.712005569905045377e+01 -2.398105120612979420e+02 -1.311430279583492847e+03
1.686724228156978711e+01 -2.401794783502926691e+02 -1.311943683267581491e+03
1.684874751381121882e+01 -2.406509866345394073e+02 -1.312620416421296341e+03
1.682675853412929712e+01 -2.408230480588277658e+02 -1.312980359657583904e+03
1.688022141695217471e+01 -2.409020466430842475e+02 -1.313205371213661920e+03
1.693931774789651001e+01 -2.408919710969912558e+02 -1.313212481967414988e+03
1.711813246174354219e+01 -2.409137279012904003e+02 -1.313262283090657093e+03
1.776440047276114598e+01 -2.407820781025436645e+02 -1.313990583261182792e+03
1.833160964055085174e+01 -2.407393615397965334e+02 -1.314766654660678114e+03
1.869677856180714315e+01 -2.405234658512169403e+02 -1.315139018972438862e+03
1.933820356873587087e+01 -2.402108362031005981e+02 -1.315460732615289544e+03
2.026758913118073480e+01 -2.398223522597719182e+02 -1.315941480829149441e+03
2.130220308624952708e+01 -2.392997829176629807e+02 -1.316537575625798809e+03
2.212894091025624732e+01 -2.387827832158579895e+02 -1.316775373648414416e+03
2.327412340215384035e+01 -2.381911455510900453e+02 -1.317337274985952035e+03
2.410357036147222942e+01 -2.375783153308209421e+02 -1.317791427198072597e+03
2.476949901859279635e+01 -2.371363935612850469e+02 -1.317944332991901774e+03
2.541308825877221977e+01 -2.366098239824846701e+02 -1.317891414565641298e+03
2.618177497269513765e+01 -2.360093788053748938e+02 -1.317907767194049484e+03
2.683144114295561877e+01 -2.353468977149798320e+02 -1.317944895390055990e+03
2.744731491495033993e+01 -2.347285728272462677e+02 -1.318139787560493005e+03
2.826980847293229004e+01 -2.340431176860419953e+02 -1.318177693758044825e+03
2.890102009146296069e+01 -2.333928126041101905e+02 -1.318192414869202366e+03
2.948104183885249086e+01 -2.328109688286969003e+02 -1.318101016662327538e+03
3.009658824185365589e+01 -2.322407652239194533e+02 -1.318229251710339895e+03
3.066640600561242636e+01 -2.316904185106007787e+02 -1.318330520873647174e+03
3.123749261581914993e+01 -2.311710425373125872e+02 -1.318438781512774312e+03
3.186308289595624998e+01 -2.305672001498323596e+02 -1.318598249873910845e+03
3.240974606702327065e+01 -2.300148837987308070e+02 -1.318782765874339475e+03
3.300128286599174032e+01 -2.295083127155286320e+02 -1.319084306349649069e+03
3.362133643000352379e+01 -2.290229477943885001e+02 -1.319398908598565413e+03
3.402379218343845935e+01 -2.286669878989631002e+02 -1.319702482877446300e+03
3.463053597714433351e+01 -2.283141288962291355e+02 -1.320049986709368113e+03
3.511651833207460527e+01 -2.279550601241277548e+02 -1.320521703239807039e+03
3.581831664840427720e+01 -2.276574319593833593e+02 -1.321041337903035128e+03
3.614820516415436202e+01 -2.273851688478010544e+02 -1.321347449284722416e+03
3.651583617588901376e+01 -2.271372122014180377e+02 -1.321830543725821599e+03
3.682248247602549185e+01 -2.270136808593920534e+02 -1.322038697798298699e+03
3.693318104060043083e+01 -2.269884150658895692e+02 -1.322340646123348961e+03
3.702172695652886603e+01 -2.269889914981948209e+02 -1.322582760978008764e+03
3.737304889543044339e+01 -2.270780238810762626e+02 -1.323183724763599685e+03
3.737046781580644961e+01 -2.272381185840189346e+02 -1.323605999571581833e+03
3.746857240387726051e+01 -2.275714574710295324e+02 -1.323969028965181224e+03
3.716877630258511545e+01 -2.278890633826322301e+02 -1.324253566299352769e+03
3.712186070939088722e+01 -2.283278589092342372e+02 -1.324495458069877031e+03
3.658940760425811334e+01 -2.288832304592302194e+02 -1.324549442231377270e+03
3.602287132665946956e+01 -2.293490749008840908e+02 -1.324479033575735457e+03
3.510442077029261299e+01 -2.298733571162513272e+02 -1.324149129742145988e+03
3.429337337440190225e+01 -2.305506560861288108e+02 -1.323862696502215158e+03
3.330381460506731628e+01 -2.310514356729960355e+02 -1.323338955011568032e+03
3.220672517308167926e+01 -2.316752433360870498e+02 -1.322870235525321277e+03
3.170224637377017629e+01 -2.320479257214826987e+02 -1.322782187666225582e+03
3.141634383950661658e+01 -2.323548674881987210e+02 -1.322861857289615500e+03
3.114412233076167524e+01 -2.325989162579354854e+02 -1.322904184874393195e+03
3.092108003730224652e+01 -2.328860068292232484e+02 -1.322942411047714131e+03
3.065998328924802152e+01 -2.331339105678000578e+02 -1.323015427610941515e+03
3.044695603047226840e+01 -2.332824069395614686e+02 -1.323066323052033567e+03
3.017774613989403676e+01 -2.334701293334200898e+02 -1.323112910295653137e+03
2.978012311592145522e+01 -2.337174660873688197e+02 -1.323120957459177816e+03
2.919304632757871332e+01 -2.340323673075200475e+02 -1.322905337694301352e+03
2.834469553458929170e+01 -2.344591863494131303e+02 -1.322656498090406785e+03
2.741696862655802391e+01 -2.350758237168222138e+02 -1.322374717828474559e+03
2.649764295011118520e+01 -2.357047893076469336e+02 -1.322229171724340631e+03
2.555097277121403465e+01 -2.361188210553827105e+02 -1.322275028276903868e+03
2.472321515695039551e+01 -2.365582651626689596e+02 -1.322158511927259269e+03
2.410793822290391830e+01 -2.368615346894067955e+02 -1.322292297962289240e+03
2.313506919108793625e+01 -2.373096002050708080e+02 -1.322057394851005029e+03
2.198657971996164662e+01 -2.377813296392450297e+02 -1.322143010759879871e+03
2.016721660539892724e+01 -2.380430710451846039e+02 -1.322522138926010484e+03
1.955212421412627322e+01 -2.384157530891071701e+02 -1.322744150512237638e+03
1.863133964946601395e+01 -2.389067938580876103e+02 -1.322675226722555408e+03
1.777543005020022804e+01 -2.395333851343582410e+02 -1.322256054487129859e+03
1.714617305232416555e+01 -2.399372149676015056e+02 -1.322003771320353735e+03
1.617479761203311028e+01 -2.403658983099373927e+02 -1.321610942714832390e+03
1.548574111237406470e+01 -2.406978290271746062e+02 -1.321460682654213997e+03
1.482795969761885146e+01 -2.409214222597375397e+02 -1.321268133212143539e+03
1.416929802788349235e+01 -2.412827778008372661e+02 -1.321087900660165360e+03
1.356264161904762489e+01 -2.414839549558994634e+02 -1.321077696052501551e+03
1.319725110168155879e+01 -2.416496376803299029e+02 -1.321121067857230400e+03
1.243463265466215262e+01 -2.417539350803316154e+02 -1.321361713634006037e+03
1.188262420272533149e+01 -2.419302210216718265e+02 -1.321472849925116407e+03
1.115664751554014344e+01 -2.420069331492069011e+02 -1.321845388135171788e+03
1.055119919579884424e+01 -2.421780564937577935e+02 -1.321850678639223588e+03
9.923231084758725729e+00 -2.423369361571157583e+02 -1.322122970248256934e+03
9.430688912624518139e+00 -2.423714446001714009e+02 -1.322493138681284108e+03
8.932215531227519989e+00 -2.423973915259851992e+02 -1.322865486771749602e+03
8.320255140923393355e+00 -2.425455704047882932e+02 -1.323178059501012740e+03
7.603625441702533294e+00 -2.425842213565183556e+02 -1.323679029422736903e+03
7.250822160447562226e+00 -2.426507734293444116e+02 -1.323873608003307027e+03
6.798093468682459672e+00 -2.427697428337833685e+02 -1.324028866261742678e+03
6.232521029800736301e+00 -2.428452560387088397e+02 -1.324235949918158212e+03
5.833622999049843827e+00 -2.429322161492497685e+02 -1.324407866911974224e+03
5.136982435496079802e+00 -2.430899276558916426e+02 -1.324838916011553010e+03
4.559769718222369761e+00 -2.431556418493058516e+02 -1.325190744052246373e+03
4.160865946502994461e+00 -2.431981328046240378e+02 -1.325442896617313181e+03
3.881218301859561848e+00 -2.432075126390963362e+02 -1.325507517508077399e+03
3.572473481057450329e+00 -2.433190854044628395e+02 -1.325679102287776004e+03
2.489904478872944082e+00 -2.434257713603919910e+02 -1.326195999681624471e+03
2.065307091006623352e+00 -2.434456533737503605e+02 -1.326368871633520939e+03
1.865196532620160497e+00 -2.434984652249187036e+02 -1.326434859521245471e+03
1.718250777617150504e+00 -2.435332489166397067e+02 -1.326409210593945772e+03
1.543155972506376372e+00 -2.435698658786859596e+02 -1.326341801171223324e+03
1.470123657965814346e+00 -2.436595510804524451e+02 -1.326259030991377813e+03
1.208289493398176262e+00 -2.438076949046493667e+02 -1.326111525697428306e+03
5.179303717026186860e-01 -2.439087857495673006e+02 -1.325929025821671075e+03
-5.680507280160043138e-01 -2.440236198235006668e+02 -1.325805705222140659e+03
-1.190918163072012703e+00 -2.441384137265919207e+02 -1.325472700906060254e+03
-1.691862148395998133e+00 -2.442167070605859465e+02 -1.325133378789772451e+03
-1.778250497350562398e+00 -2.442048297572766558e+02 -1.325123167127025681e+03
-1.661737172976629040e+00 -2.441891735017344729e+02 -1.325127451479067304e+03
-1.684512330622510490e+00 -2.442187013493833661e+02 -1.325042703391004807e+03
-1.754036965664127479e+00 -2.442347780392231869e+02 -1.324986243268077487e+03
-1.812736287050363160e+00 -2.444081326687956732e+02 -1.324753450241198607e+03
-1.713394017114246992e+00 -2.444896931613983213e+02 -1.323919201152717505e+03
-1.625552174586957221e+00 -2.443205504046264878e+02 -1.324038594976154172e+03
-1.711719595582572140e+00 -2.442921427004326631e+02 -1.324016085178333924e+03
-1.669501068224597873e+00 -2.443146882353205740e+02 -1.324004502443680849e+03
-1.679915429298588947e+00 -2.443198911475374757e+02 -1.324008372314004873e+03
-1.675402442129119152e+00 -2.443138522348031358e+02 -1.323981963505182421e+03
-1.572403358239434112e+00 -2.443452440626598730e+02 -1.323977504889644706e+03
-1.591208978914487204e+00 -2.443331261877272595e+02 -1.323991237609369364e+03
-1.616943601852653956e+00 -2.443441072964324690e+02 -1.324035010819438412e+03
-1.639516555632567929e+00 -2.444257870600364129e+02 -1.323960188741935099e+03
-1.328768659189613288e+00 -2.445438035648394930e+02 -1.323789390401726905e+03
-1.331345931414077199e+00 -2.447706409573663677e+02 -1.323471123847404442e+03
-1.187768645875593165e+00 -2.449913588724588465e+02 -1.322460316664080665e+03
-1.131787801708647123e+00 -2.450429795899061389e+02 -1.321866849411402654e+03
-1.178278768251061592e+00 -2.450937070807379996e+02 -1.321617780833059669e+03
-1.159031540007475769e+00 -2.450953251060281275e+02 -1.321310790123349989e+03
-1.149200742102316042e+00 -2.450976654924968159e+02 -1.320829654311077547e+03
-1.401745595285341039e+00 -2.450988557584840635e+02 -1.320522492942809549e+03
-1.227133979305470746e+00 -2.450144283473944995e+02 -1.319815215258041462e+03
-1.391837235598508471e+00 -2.449869363263387925e+02 -1.319352932727590542e+03
-1.571794063745187486e+00 -2.447803603870241034e+02 -1.318278218468916521e+03
-2.050722075207609407e+00 -2.445953063224671951e+02 -1.317717186478760141e+03
-2.115107110103473076e+00 -2.444753462768362624e+02 -1.317265810035248705e+03
-2.311537214974826782e+00 -2.444722079840174160e+02 -1.317116647613355099e+03
-2.928980349869725330e+00 -2.444221178284636551e+02 -1.316733735883069585e+03
-3.764319569159276568e+00 -2.443009276763111473e+02 -1.316422121301964580e+03
-4.242192762465727185e+00 -2.443415334876792713e+02 -1.316399024083420272e+03
-5.000080556135664267e+00 -2.443956051049783866e+02 -1.316438509845128692e+03
-5.510964901383225367e+00 -2.444951702584608313e+02 -1.316577910230460247e+03
-6.197595280016564345e+00 -2.445514881444452442e+02 -1.316811478542522991e+03
-6.914683854341014069e+00 -2.445721163683410850e+02 -1.316915829636018316e+03
-7.183514338434498825e+00 -2.447217781220774384e+02 -1.317097165021234105e+03
-7.872995693368984860e+00 -2.449955512419877550e+02 -1.317629551499261197e+03
-8.727911958450057739e+00 -2.451477433537222055e+02 -1.318141951091123246e+03
-9.763529634250254219e+00 -2.450785273078932676e+02 -1.318556377613628001e+03
-1.064268808355101470e+01 -2.450450520693487704e+02 -1.318873241594107185e+03
-1.125205037036032962e+01 -2.449504527584451523e+02 -1.318852413442544730e+03
-1.184947455499284530e+01 -2.449419450232548741e+02 -1.318529844255692524e+03
-1.242247551478838119e+01 -2.448710873095710667e+02 -1.317964405581368737e+03
-1.285670375022844070e+01 -2.448672380242436191e+02 -1.317420179683370634e+03
-1.316993629250766418e+01 -2.448544520487298826e+02 -1.316719052880208892e+03
-1.339153962016543886e+01 -2.449007279784731850e+02 -1.316332602031761780e+03
-1.340586893917527078e+01 -2.450165627277150975e+02 -1.316048846456636511e+03
-1.358756854248739643e+01 -2.450520225086065693e+02 -1.315507452705368223e+03
-1.419931918257700687e+01 -2.450282871588935620e+02 -1.315027536379012872e+03
-1.476668984014555264e+01 -2.449842328524737241e+02 -1.314278725507102763e+03
-1.483806766857872361e+01 -2.449687357118063460e+02 -1.313985089756206435e+03
-1.512298442350550687e+01 -2.447931498493452125e+02 -1.313383667102726122e+03
-1.523638607025450398e+01 -2.445672837065627618e+02 -1.312963527357142993e+03
-1.533540970876446607e+01 -2.444791572947841019e+02 -1.312803444066870043e+03
-1.519962138944010377e+01 -2.442753508150957202e+02 -1.312260162294917336e+03
-1.529838355545954443e+01 -2.442202456845296865e+02 -1.312110722907866375e+03
-1.540871075225660292e+01 -2.438810659727967050e+02 -1.311342913146543651e+03
-1.590676458632005819e+01 -2.436860405397842726e+02 -1.310793254299643650e+03
-1.632686239081805724e+01 -2.433993164615584703e+02 -1.310062416632649274e+03
-1.668394446372591489e+01 -2.431804094921359933e+02 -1.309517620818816113e+03
-1.678000126503318512e+01 -2.429682052627073006e+02 -1.309072119958054145e+03
-1.698698354507353514e+01 -2.427460189233400456e+02 -1.308568499765072602e+03
-1.680030847663599758e+01 -2.425334424985138071e+02 -1.308027516815297986e+03
-1.721608047954160980e+01 -2.422474662342104352e+02 -1.307289589670601117e+03
-1.781566274321901489e+01 -2.418976852473543886e+02 -1.306352326577909707e+03
-1.836354469132425749e+01 -2.416587781844721690e+02 -1.305625247492352173e+03
-1.906705472600196316e+01 -2.413731625676293220e+02 -1.305156915055595618e+03
-1.972681818284389266e+01 -2.409001478937516367e+02 -1.304309805468337800e+03
-2.053893214852732996e+01 -2.405414923973218890e+02 -1.303581909080306787e+03
-2.101494231228621601e+01 -2.403541842526279595e+02 -1.303190285196949844e+03
-2.146316651095495587e+01 -2.401345930960764292e+02 -1.302820836771344148e+03
-2.174557530692532481e+01 -2.399456128327602187e+02 -1.302511127183547615e+03
-2.222178797979126585e+01 -2.397784734375464097e+02 -1.302236525402851157e+03
-2.287916403530422116e+01 -2.395448482715940770e+02 -1.301850346858801686e+03
-2.338910067376544788e+01 -2.392921122464572932e+02 -1.301577025385535762e+03
-2.419407435382115779e+01 -2.388485524001412159e+02 -1.301073158695543043e+03
-2.486890666672426420e+01 -2.385765034507075768e+02 -1.300677556174330675e+03
-2.542627728419036970e+01 -2.381958849075930402e+02 -1.300373994841477725e+03
-2.640696614863386316e+01 -2.377199905101287527e+02 -1.300191169319628443e+03
-2.723440686309199776e+01 -2.373991487089431303e+02 -1.300179093088535183e+03
-2.784759580783276789e+01 -2.371530543905078048e+02 -1.300284359708025249e+03
-2.832950747452266427e+01 -2.370131590125574519e+02 -1.300491510482662989e+03
-2.944846785307674253e+01 -2.366241332555548809e+02 -1.301141439814979776e+03
-2.980491351399117406e+01 -2.365791184029469321e+02 -1.301620296483447873e+03
-3.067662587167075827e+01 -2.363351410439476012e+02 -1.302211607328212722e+03
-3.126117591130628881e+01 -2.361921421379635149e+02 -1.302762283553693806e+03
-3.208878983490540548e+01 -2.360038172590535623e+02 -1.303684151502959139e+03
-3.263667622432212312e+01 -2.358969756557860649e+02 -1.304419016919787964e+03
-3.348903154372498392e+01 -2.357001644209547351e+02 -1.305726612465148946e+03
-3.359594301034335473e+01 -2.359888378710764414e+02 -1.306543452609327687e+03
-3.340909214800678484e+01 -2.362814446490838520e+02 -1.307337424131978878e+03
-3.317500309799954294e+01 -2.366249994750960752e+02 -1.307772898579472894e+03
-3.314089280186070852e+01 -2.368686169503063184e+02 -1.308226382841550958e+03
-3.288819391765755284e+01 -2.371544992684455622e+02 -1.308426012871123021e+03
-3.221717914757554269e+01 -2.376565142010792044e+02 -1.308632666084531820e+03
-3.158800076408828517e+01 -2.381343374961717245e+02 -1.308561206480871761e+03
-3.047521009406249703e+01 -2.389981809471221084e+02 -1.308837333307808422e+03
-2.899349225237840955e+01 -2.399690651999764270e+02 -1.308913414681233917e+03
-2.799238022741381116e+01 -2.405345488064506299e+02 -1.309124044552101395e+03
-2.767209482010780874e+01 -2.408509011217296347e+02 -1.309310140676047695e+03
-2.765493985754452666e+01 -2.408149190533241040e+02 -1.309387988094809998e+03
-2.810580645314605164e+01 -2.408537425665926150e+02 -1.309963610040617596e+03
-2.901742299144535053e+01 -2.407078173506202461e+02 -1.310853227235274289e+03
-3.006050902261366531e+01 -2.404111705351074590e+02 -1.312008998850961234e+03
-3.123983205555698106e+01 -2.398149661928476917e+02 -1.313102016562539347e+03
-3.236604407676278328e+01 -2.392199346516909770e+02 -1.314075195058245299e+03
-3.312261541203964299e+01 -2.387994160305927949e+02 -1.314650628614783727e+03
-3.388824092456679438e+01 -2.382789778281754707e+02 -1.315245031498886647e+03
-3.453854712980679409e+01 -2.378650789540133701e+02 -1.315941126192666843e+03
-3.564153178976867054e+01 -2.372635980963112559e+02 -1.317183797534822133e+03
-3.626496227269060313e+01 -2.369585092809048774e+02 -1.317654767756635238e+03
-3.678126432956059233e+01 -2.366094737463366471e+02 -1.318139953211868715e+03
-3.720878475572376232e+01 -2.363706037051214821e+02 -1.318566890551476718e+03
-3.814568105378004503e+01 -2.361023678821210012e+02 -1.319101713552938236e+03
-3.876148612387434156e+01 -2.358319656027648819e+02 -1.319552099908172977e+03
-3.958308339436776890e+01 -2.355045120926113782e+02 -1.319897269506344401e+03
-3.983489562996187061e+01 -2.353824135249597020e+02 -1.320136103621397751e+03
-4.045414068252929241e+01 -2.351577096854299498e+02 -1.320531966085061640e+03
-4.074424650113906665e+01 -2.350320974665562801e+02 -1.320755395655749908e+03
-4.102184817908534598e+01 -2.349777200898680576e+02 -1.321089349070615071e+03
-4.159769333572321415e+01 -2.348886951260878959e+02 -1.321365924625177740e+03
-4.211620744073388067e+01 -2.347120421032005595e+02 -1.321620684280480646e+03
-4.270340524617780176e+01 -2.343380454200015208e+02 -1.321842867531327329e+03
-4.367923226373141432e+01 -2.339969342243444999e+02 -1.322302934396650926e+03
-4.459516747601603726e+01 -2.336618267975693186e+02 -1.322755456839163799e+03
-4.518346559602839108e+01 -2.333654459810432229e+02 -1.322928211327683130e+03
-4.585129933678141612e+01 -2.331992561883258759e+02 -1.323274266814526754e+03
-4.611270092967213685e+01 -2.331876141330166377e+02 -1.323500584871414276e+03
-4.653336169055329918e+01 -2.330861041493718062e+02 -1.323728294210936610e+03
-4.663154845580937291e+01 -2.331355837780878062e+02 -1.323991971121020015e+03
-4.696110233728531824e+01 -2.330509865460962828e+02 -1.324175027434150024e+03
-4.728023137500994011e+01 -2.329552329343429733e+02 -1.324421267231232832e+03
-4.780610984112434636e+01 -2.329080026284708538e+02 -1.324923034320625902e+03
-4.816855907873249265e+01 -2.327035747369915271e+02 -1.325097930415275414e+03
-4.829166566002043481e+01 -2.325176337087088712e+02 -1.325172787133611564e+03
-4.879427628907242109e+01 -2.324727106212376384e+02 -1.325570301464644672e+03
-4.929784297144899341e+01 -2.323178698815419807e+02 -1.326010352110129361e+03
-4.994764615652916717e+01 -2.320189777843249885e+02 -1.326493059468064075e+03
-5.030428578030599596e+01 -2.320122657032720781e+02 -1.327009266847214803e+03
-5.087273977907219802e+01 -2.317384794614775672e+02 -1.327412592291615738e+03
-5.109423459832601822e+01 -2.315781235476846973e+02 -1.327947992087791590e+03
-5.128233022389526496e+01 -2.312839388198086397e+02 -1.328158311625824126e+03
-5.155347150492938368e+01 -2.310965474582429806e+02 -1.328278760693105141e+03
-5.179025683286007364e+01 -2.309299543134566477e+02 -1.328536030036374314e+03
-5.201693423903265767e+01 -2.308247396007905650e+02 -1.328778313149346559e+03
-5.216631771424504649e+01 -2.306671792741605032e+02 -1.328856216794027432e+03
-5.240014602265748778e+01 -2.305304582036682461e+02 -1.329309055264428935e+03
-5.257799142079631594e+01 -2.303501545639482515e+02 -1.329418996100466074e+03
-5.285297962263035032e+01 -2.301470973646537459e+02 -1.329607457565719869e+03
-5.312079912881852550e+01 -2.299157609220256688e+02 -1.330239771575272925e+03
-5.338002949201166558e+01 -2.296653469746991050e+02 -1.330408026079068577e+03
-5.352152013070048753e+01 -2.294695267582922611e+02 -1.330748494660555252e+03
-5.347989314591887222e+01 -2.294928044303959211e+02 -1.331028579249753193e+03
-5.379547008571810096e+01 -2.293569250442382099e+02 -1.331387920614094810e+03
-5.381083303012596986e+01 -2.292286061649225815e+02 -1.331711223427337927e+03
-5.418576091671410921e+01 -2.288562957886819333e+02 -1.332412243466251994e+03
-5.440496046187345058e+01 -2.284498712288259128e+02 -1.332875242102173161e+03
-5.446881832877262042e+01 -2.284293533888016441e+02 -1.333003382032850823e+03
-5.454444292049650045e+01 -2.283107999698153208e+02 -1.333410854515979281e+03
-5.448862213179773306e+01 -2.282664233695863629e+02 -1.334067606671260592e+03
-5.423378529063175080e+01 -2.282942831641881583e+02 -1.334684498815511461e+03
-5.368234233482309747e+01 -2.282675849448526435e+02 -1.335306408934504134e+03
-5.374410832235435720e+01 -2.282691249037472119e+02 -1.335308818068418077e+03
-5.366466918994054680e+01 -2.282111273342012510e+02 -1.335309022842907780e+03
-5.371460101448743529e+01 -2.282076679458875219e+02 -1.335340137922909889e+03
-5.369641817221093305e+01 -2.282004828645500538e+02 -1.335360388777272647e+03
-5.397790974845992906e+01 -2.281201537327126516e+02 -1.335908226555668080e+03
-5.505046631665613432e+01 -2.278567855695270623e+02 -1.337646357752696758e+03
-5.513306464670218787e+01 -2.278167141341317858e+02 -1.337770268926662311e+03
-5.524374815907874137e+01 -2.275072868504407211e+02 -1.338280622056617631e+03
-5.473572632698002138e+01 -2.275042219287629166e+02 -1.338322049340221838e+03
-5.471054356402525087e+01 -2.274817827200282636e+02 -1.338519599923385385e+03
-5.474858293544514964e+01 -2.275284178636008789e+02 -1.338695742874688676e+03
-5.451147175751213325e+01 -2.277123422521817417e+02 -1.339002633313609522e+03
-5.461885928333004614e+01 -2.276161587975094562e+02 -1.339167520856556621e+03
-5.444010720637469802e+01 -2.277053004039540838e+02 -1.339709495640586056e+03
-5.440726604435437963e+01 -2.277544908357989186e+02 -1.340417592990276262e+03
-5.410296452153688307e+01 -2.279566349607734139e+02 -1.341088043825921659e+03
-5.369431494369803914e+01 -2.281605098815342672e+02 -1.341695032305226960e+03
-5.383845855040819828e+01 -2.281042251436400363e+02 -1.342020264262217324e+03
-5.378464701059420605e+01 -2.280867453838380072e+02 -1.342214539060915740e+03
-5.376318179108729822e+01 -2.281345379751942062e+02 -1.342322754791136958e+03
-5.388349836553087613e+01 -2.280875928872644067e+02 -1.342681050689116546e+03
-5.471659187700355886e+01 -2.279507995178787212e+02 -1.344051848210542403e+03
-5.475675740177158701e+01 -2.283324446424133498e+02 -1.344991779829975485e+03
-5.468628083912975768e+01 -2.285710961054480208e+02 -1.345723033526234985e+03
-5.446271542629337858e+01 -2.289203861276960197e+02 -1.346494825431472236e+03
-5.448690898900988344e+01 -2.290768696489093372e+02 -1.346878278480413883e+03
-5.449640127897529140e+01 -2.292903948907417941e+02 -1.347616074300649871e+03
-5.441918728958837193e+01 -2.295324335092997217e+02 -1.348083257408969303e+03
-5.444891408170199298e+01 -2.296777094890567810e+02 -1.348424768590336953e+03
-5.434368717282682582e+01 -2.300080617577640112e+02 -1.349245859201279018e+03
-5.432167547929540063e+01 -2.303418022227545521e+02 -1.349592646236900237e+03
-5.409627894350941091e+01 -2.307511858778616443e+02 -1.350180484183592625e+03
-5.384739807935425659e+01 -2.310499719247548853e+02 -1.350746447505259994e+03
-5.388196785732417737e+01 -2.314169713791274319e+02 -1.351216309914571639e+03
-5.383728958467666104e+01 -2.317517653572352003e+02 -1.351760712896288624e+03
-5.376249551507337543e+01 -2.320516058135207800e+02 -1.352260807679267600e+03
-5.356683692960019272e+01 -2.322733865727056468e+02 -1.352622185190349910e+03
-5.362288578640083614e+01 -2.325401567409690813e+02 -1.353024596623419257e+03
-5.329456225470671171e+01 -2.328954605655900707e+02 -1.353374027911450412e+03
-5.311297817498584806e+01 -2.331994320775058327e+02 -1.353694388480852012e+03
-5.299173422128603050e+01 -2.335501492556927303e+02 -1.354040443076997008e+03
-5.292057451654367384e+01 -2.337708987794506186e+02 -1.354353696655649173e+03
-5.295556892719162789e+01 -2.341367169851205290e+02 -1.355092685841315642e+03
-5.286736485484244241e+01 -2.344963292242968862e+02 -1.355677852788974178e+03
-5.255825475369368149e+01 -2.349038426824933197e+02 -1.355952985085325508e+03
-5.220154892664864832e+01 -2.351822629782403169e+02 -1.356104542231586265e+03
-5.202358329464804143e+01 -2.354892190104179690e+02 -1.356227310668270093e+03
-5.151509744467723095e+01 -2.359124449124614102e+02 -1.356397048659692928e+03
-5.123597612400728707e+01 -2.361862935633670020e+02 -1.356625561882038937e+03
-5.116351697091629802e+01 -2.364599263574517067e+02 -1.356849717955834194e+03
-5.091223763795434110e+01 -2.367675352425589779e+02 -1.357111563710580640e+03
-5.089727527925507644e+01 -2.368153382035786194e+02 -1.357181424522271755e+03
-5.056328052074184853e+01 -2.370211876093104877e+02 -1.357256681911004762e+03
-5.051066541961083800e+01 -2.371543654726041552e+02 -1.357232534740001029e+03
-5.050743198005847745e+01 -2.371744197759924191e+02 -1.357204973694956379e+03
-5.029561803704675782e+01 -2.373686731302948374e+02 -1.357443075422200991e+03
-5.003316434855435801e+01 -2.376374088601157837e+02 -1.357452998559707339e+03
-4.976488335385416661e+01 -2.378950865268216432e+02 -1.357515051654874014e+03
-4.926484316813239417e+01 -2.380909066604655777e+02 -1.357591626686311201e+03
-4.917739570976137742e+01 -2.382448622725736413e+02 -1.357651968280280016e+03
-4.916672168060055270e+01 -2.382967836100198724e+02 -1.357741540953577214e+03
-4.888541028734766059e+01 -2.384299589344479955e+02 -1.357754648303469139e+03
-4.872802349448594583e+01 -2.385377906609569152e+02 -1.357731043847279579e+03
-4.814317370167911037e+01 -2.388696900251703710e+02 -1.357703990806380489e+03
-4.772859792738872642e+01 -2.390748598680205816e+02 -1.357621845932449332e+03
-4.719922754170499246e+01 -2.392874214146794145e+02 -1.357564293579454443e+03
-4.669286409712236008e+01 -2.393552165995719463e+02 -1.357276654277384978e+03
-4.650631846793942969e+01 -2.393074629990837252e+02 -1.357144513073719509e+03
-4.634468631629442115e+01 -2.393652593158038826e+02 -1.357128432456602468e+03
-4.601284048297019780e+01 -2.392958327207296634e+02 -1.356977287044342802e+03
-4.489222156172063904e+01 -2.393027258831515098e+02 -1.356823871515283372e+03
-4.407441852707184893e+01 -2.393019401459939672e+02 -1.356735976921013616e+03
-4.348544615376844291e+01 -2.392853754826142278e+02 -1.356683558752660929e+03
-4.271662468870655260e+01 -2.392311403041524045e+02 -1.356630899085157580e+03
-4.254855758624744766e+01 -2.391175452507604007e+02 -1.356548892504423975e+03
-4.101520155847546079e+01 -2.391606759432545175e+02 -1.356596765607560883e+03
-4.060577482747226696e+01 -2.390946154227131046e+02 -1.356580484815465525e+03
-4.006114822256156316e+01 -2.390629917379044684e+02 -1.356673561901082394e+03
-3.943969357072112558e+01 -2.390882121994029035e+02 -1.356660246387391680e+03
-3.885288125736870057e+01 -2.391327632693634939e+02 -1.356734104838221583e+03
-3.822950916922700770e+01 -2.392444671772130960e+02 -1.356723562882989654e+03
-3.747561171032213423e+01 -2.394610860519485129e+02 -1.356708183282988330e+03
-3.732323288195885169e+01 -2.395907081296536489e+02 -1.356766131820882492e+03
-3.707817251693000316e+01 -2.397645484581251480e+02 -1.356762413381346050e+03
-3.688129585421371104e+01 -2.399554421432424078e+02 -1.356802025305320967e+03
-3.642876694254582759e+01 -2.403955674547401600e+02 -1.356954463742371445e+03
-3.643657911546392114e+01 -2.405383521784749519e+02 -1.357075802251759342e+03
-3.620866561065307820e+01 -2.407521478571438820e+02 -1.357185415958879730e+03
-3.587317511890871202e+01 -2.408931282872554505e+02 -1.357247494274316978e+03
-3.506297545458185283e+01 -2.413300972567845690e+02 -1.357671015787854685e+03
-3.437129486451548388e+01 -2.416227814710693735e+02 -1.358081911927947885e+03
-3.416612226715755440e+01 -2.416565360276239005e+02 -1.358177374520904550e+03
-3.402044904331807373e+01 -2.417131167514240531e+02 -1.358251510503099098e+03
-3.392223109896932698e+01 -2.417504481897552182e+02 -1.358324398059729674e+03
-3.337644364976060984e+01 -2.417644789876337938e+02 -1.358319056252806831e+03
-3.257929476240361311e+01 -2.415959762341814780e+02 -1.358370954338569618e+03
-3.235618840275251529e+01 -2.414939322407095403e+02 -1.358324786296667526e+03
-3.237061454664625870e+01 -2.413591125630713350e+02 -1.358243149459857250e+03
-3.218053453749573833e+01 -2.414373664723673869e+02 -1.358253435030107994e+03
-3.225898809100763032e+01 -2.413746545849066933e+02 -1.358236426271294249e+03
-3.221430323542077900e+01 -2.413634576307843815e+02 -1.358255637427469537e+03
-3.212388267020579491e+01 -2.414182677240422663e+02 -1.358218552187993964e+03
-3.214425023862644792e+01 -2.414012505015920738e+02 -1.358242548844817520e+03
-3.215641475425638163e+01 -2.414032076475285749e+02 -1.358235831750048646e+03
-3.215661845929729878e+01 -2.414091607762671003e+02 -1.358199569229936969e+03
-3.212227220972371100e+01 -2.413946447365908909e+02 -1.358213216906506887e+03
-3.211375132089465723e+01 -2.413188869183831571e+02 -1.358004346242507836e+03
-3.208596212288718874e+01 -2.413064730752882951e+02 -1.357982354325405140e+03
-3.201241637493757963e+01 -2.413549195675178396e+02 -1.357967526731626776e+03
-3.111378271758615455e+01 -2.415959445176775944e+02 -1.357871900088968914e+03
-2.957194095734367778e+01 -2.417488299722230067e+02 -1.357899872996820250e+03
-2.939966934069234838e+01 -2.416939871804198958e+02 -1.357805274197071185e+03
-2.918167576236138672e+01 -2.416849829977070954e+02 -1.357777154298388950e+03
-2.913757698526178075e+01 -2.416965187248524671e+02 -1.357691525518837352e+03
-2.903503632893004038e+01 -2.416777226121174067e+02 -1.357652380422335682e+03
-2.904870461273657867e+01 -2.416269597652942593e+02 -1.357619103563143199e+03
-2.884178627971150632e+01 -2.415619627358364312e+02 -1.357561813459486757e+03
-2.799677104231715674e+01 -2.415545475481966946e+02 -1.357325026873625347e+03
-2.778925778200274266e+01 -2.415714111736785696e+02 -1.357315553868898405e+03
-2.752735168418903555e+01 -2.415750726111627955e+02 -1.357132673168520569e+03
-2.708990835725689550e+01 -2.416300803625631488e+02 -1.356980650880577514e+03
-2.626949597241772238e+01 -2.416550443770386494e+02 -1.356763381339876787e+03
-2.583981533276533327e+01 -2.417746709709273034e+02 -1.356512846769748649e+03
-2.525541984631495751e+01 -2.417930256372694942e+02 -1.356205619436770803e+03
-2.463410285825323598e+01 -2.418885701710877925e+02 -1.355995959072467713e+03
-2.394715481177254190e+01 -2.419341903336845121e+02 -1.355602490673691591e+03
-2.306494096627842083e+01 -2.416885787696685668e+02 -1.354940845548880588e+03
-2.245271072892131059e+01 -2.417111692693496821e+02 -1.354717833420588931e+03
-2.224402903466587844e+01 -2.416806693659545999e+02 -1.354399869037514009e+03
-2.157379007364959733e+01 -2.417305552130176238e+02 -1.354109756885988190e+03
-2.073293586119002185e+01 -2.416545188532274722e+02 -1.353448909815886964e+03
-2.005473211092725450e+01 -2.414560985334739485e+02 -1.352804019540994204e+03
-1.928707631594686944e+01 -2.414299403531812516e+02 -1.352094542214900230e+03
-1.852436714493763503e+01 -2.415066901587628934e+02 -1.351476581280680875e+03
-1.829636534630063949e+01 -2.414892122349324950e+02 -1.351032023820558379e+03
-1.750547537354444927e+01 -2.417307179095374465e+02 -1.350558262654984446e+03
-1.652559570893952667e+01 -2.420757420368346970e+02 -1.350234651613981214e+03
-1.585107421525328419e+01 -2.425381093662291221e+02 -1.349911987001873285e+03
-1.562982123202356632e+01 -2.428782211805007307e+02 -1.349980033485469676e+03
-1.525666463567478814e+01 -2.434239481721273251e+02 -1.350177307575655504e+03
-1.506247798197571086e+01 -2.436998235583537280e+02 -1.350308891956628486e+03
-1.502728164142427403e+01 -2.439031836720312754e+02 -1.350519614799353121e+03
-1.495768230631744444e+01 -2.440556196735294350e+02 -1.350521987989068521e+03
-1.479654767746495025e+01 -2.441528293456226777e+02 -1.350100586041718771e+03
-1.455958460712934510e+01 -2.441216465822774637e+02 -1.349608917919303622e+03
-1.422986574487969591e+01 -2.442496137864600598e+02 -1.348898033257699808e+03
-1.404737031453107221e+01 -2.441737821593096385e+02 -1.348606705580362814e+03
-1.376493346189656819e+01 -2.441975388330407100e+02 -1.348125664008912963e+03
-1.338239969887420244e+01 -2.441331135799604510e+02 -1.347582782340785570e+03
-1.322532349761522852e+01 -2.442363129238163992e+02 -1.346992577788420931e+03
-1.278241731081623556e+01 -2.443159147986852702e+02 -1.346231470013106446e+03
-1.249652775902261936e+01 -2.443934548934147699e+02 -1.345818155022413293e+03
-1.228809211270300494e+01 -2.442169850281614742e+02 -1.345352651090051495e+03
-1.221127135385345497e+01 -2.440906079648160585e+02 -1.344840850889149806e+03
-1.206159950396378377e+01 -2.439358039709692036e+02 -1.344268830889249784e+03
-1.166497596916770618e+01 -2.440423889408010609e+02 -1.343417461843331694e+03
-1.083732712495260131e+01 -2.442807518749500559e+02 -1.342148169380272975e+03
-1.038342203341988323e+01 -2.443248394344988981e+02 -1.341375412582393892e+03
-9.899463731084900076e+00 -2.443870780626716908e+02 -1.340602383081704147e+03
-9.884298876137840750e+00 -2.443353351951853938e+02 -1.340344531239237995e+03
-9.584049037680863137e+00 -2.443117614650372502e+02 -1.339939984505893790e+03
-9.414505737418132014e+00 -2.444363260346715663e+02 -1.339643938355809041e+03
-9.166780995292903356e+00 -2.444094670439689025e+02 -1.339319296794774118e+03
-9.063626588161390885e+00 -2.443580573980057125e+02 -1.338990297788503085e+03
-8.921985789119482035e+00 -2.443553727435600820e+02 -1.338501152678677045e+03
-8.740324906100973124e+00 -2.443876748001524675e+02 -1.338030784978860765e+03
-8.513356766910668227e+00 -2.444980427720160776e+02 -1.337729432476119655e+03
-8.456898543619921327e+00 -2.446389159448723092e+02 -1.337269380992141350e+03
-8.245724664073811994e+00 -2.448472931753358353e+02 -1.336965977225994720e+03
-8.130950104837161518e+00 -2.450860469440014242e+02 -1.336996177660984358e+03
-7.877297286641926632e+00 -2.456106255964176626e+02 -1.336906720901462677e+03
-7.883135629080904039e+00 -2.460170097446684565e+02 -1.336958480813026426e+03
-7.980533648370645494e+00 -2.464761010293051697e+02 -1.337214696390532936e+03
-8.229434057529964264e+00 -2.469527992945504877e+02 -1.337628512931843261e+03
-8.468993538470989790e+00 -2.471843216304838506e+02 -1.338289402165288948e+03
-9.339569376146322099e+00 -2.471343516613364386e+02 -1.339431203929410685e+03
-9.892435099380783470e+00 -2.471558349326716382e+02 -1.340948731006204980e+03
-1.049750317581453629e+01 -2.471263594417500542e+02 -1.342273145720254433e+03
-1.100850551077021322e+01 -2.470287474934035288e+02 -1.343462981826483656e+03
-1.137296074631773735e+01 -2.469339842455236180e+02 -1.344473658597956273e+03
-1.169224460543983213e+01 -2.469457067883733430e+02 -1.345317115787958301e+03
-1.200032357138116623e+01 -2.470885063233555456e+02 -1.345970296307141552e+03
-1.247605212534885055e+01 -2.470147684108613078e+02 -1.346668100963114739e+03
-1.266356232104558188e+01 -2.470249846232264872e+02 -1.346919152914982305e+03
-1.296761466370143268e+01 -2.471120983100128683e+02 -1.347517405533717010e+03
-1.333738055528694844e+01 -2.471195555616767763e+02 -1.348347377315162930e+03
-1.359289595297411068e+01 -2.474066957319717233e+02 -1.349028358343264017e+03
-1.370046986446565285e+01 -2.476189563142318093e+02 -1.349170738510455067e+03
-1.369222663971850551e+01 -2.480164295744595790e+02 -1.349111719363774682e+03
-1.365429103330026095e+01 -2.484910352148071979e+02 -1.348948809626088860e+03
-1.342508037936443799e+01 -2.490864650522141233e+02 -1.348378892364343301e+03
-1.308065692780869682e+01 -2.495958613057152320e+02 -1.347639410589900308e+03
-1.288354886090602491e+01 -2.499712920724513197e+02 -1.346914615642368517e+03
-1.246760007463512210e+01 -2.502567474926250668e+02 -1.346221919641560817e+03
-1.223470386066551185e+01 -2.504926781658316486e+02 -1.345493769723567539e+03
-1.160285675254248616e+01 -2.508640889779428562e+02 -1.344543864605865338e+03
-1.129882879236932780e+01 -2.510485775718364607e+02 -1.343958753515312992e+03
-1.122760798629658296e+01 -2.509981451124794489e+02 -1.343883508162371299e+03
-1.115909113212115500e+01 -2.510342586378525880e+02 -1.343822733281897172e+03
-1.109626373480484318e+01 -2.509062255502628602e+02 -1.343721622881266740e+03
-1.113277941967850637e+01 -2.508392184251719925e+02 -1.343649525047557972e+03
-1.089815641354953613e+01 -2.507832051228686225e+02 -1.343168941656431798e+03
-1.049241309926691912e+01 -2.507468702213742802e+02 -1.342096760764004102e+03
-9.755893740274053982e+00 -2.508479747998979406e+02 -1.341083398899110080e+03
-9.349426810499814167e+00 -2.506802254867711781e+02 -1.340194287562927002e+03
-8.895816494455154100e+00 -2.505109374298827447e+02 -1.339730241247829554e+03
-8.824386669721910437e+00 -2.504235005272045669e+02 -1.339526739473880525e+03
-8.737294344980675476e+00 -2.501761571436093163e+02 -1.339207377299568179e+03
-8.398822021062478882e+00 -2.499433194018862707e+02 -1.338823450317792322e+03
-8.472157427064153978e+00 -2.496968478779238581e+02 -1.338673807916725082e+03
-7.863015190760016537e+00 -2.494544361350028510e+02 -1.337958112856651042e+03
-6.944356345718908585e+00 -2.494749316370229053e+02 -1.337341086323586524e+03
-6.610677266972821542e+00 -2.493748270928901718e+02 -1.337051129625083831e+03
-6.062633488981823859e+00 -2.492226010330221300e+02 -1.336657558179495027e+03
-5.159314441955494601e+00 -2.491692971165243478e+02 -1.336295163269125169e+03
-4.120904389707128246e+00 -2.490814432261398963e+02 -1.336193204541074465e+03
-4.048361944405094448e+00 -2.489360293037891267e+02 -1.336119983707898655e+03
-3.988251110641037656e+00 -2.488952787225579186e+02 -1.336094406569277453e+03
-3.713211102806802444e+00 -2.488795441387406697e+02 -1.336099949400569585e+03
-2.270481686424552947e+00 -2.487161310915880961e+02 -1.336542376570694614e+03
-1.385016276025552884e+00 -2.482845487857991600e+02 -1.337085435717538530e+03
-9.644818513444946007e-01 -2.480830425627349882e+02 -1.337356632961042806e+03
-5.491118345315371130e-01 -2.477760758374545844e+02 -1.337688199320568629e+03
-3.960225317836787440e-01 -2.476135773995856084e+02 -1.337899524825387289e+03
-4.388895882535237547e-01 -2.474914778730061471e+02 -1.337959655248092531e+03
-2.193305230184208199e-01 -2.475467783855125390e+02 -1.338070674701751614e+03
-1.286510115178884917e-01 -2.473889996222645209e+02 -1.338105704545945628e+03
9.891006981128214193e-03 -2.469383047208228277e+02 -1.338230030308160622e+03
1.835561340712104084e-01 -2.465587517664145025e+02 -1.338402474569912783e+03
3.408934580002593862e-01 -2.463340719753344388e+02 -1.338552724081962651e+03
3.792475266918486909e-01 -2.462989477969121879e+02 -1.338565531475064518e+03
4.634118822003898686e-01 -2.464733472920825932e+02 -1.338700054058808519e+03
7.107627126198181600e-01 -2.467909592049068124e+02 -1.339229904789892316e+03
7.979646984363597539e-01 -2.471100630759088688e+02 -1.339541308985515798e+03
9.359038859546942035e-01 -2.475182810875419932e+02 -1.339744143110831828e+03
8.363289462170584443e-01 -2.476985471224134017e+02 -1.339761913419679331e+03
8.000427728611612110e-01 -2.481503509794761726e+02 -1.339647505411977590e+03
8.176093370651500436e-01 -2.486741714168814497e+02 -1.339643326509853978e+03
8.578186594305847734e-01 -2.489543645853370890e+02 -1.339707621982066712e+03
9.096044274474976987e-01 -2.493822206579863234e+02 -1.340062234982182872e+03
1.136164425354280638e+00 -2.496631853419236222e+02 -1.340423065395492358e+03
1.280384582668730786e+00 -2.496727406159632778e+02 -1.340679316071127914e+03
1.518939812833444591e+00 -2.495234687870690777e+02 -1.341046069440333667e+03
1.397861325366058338e+00 -2.494461012084316280e+02 -1.341048337403914275e+03
1.813529092083790317e+00 -2.490574608668786993e+02 -1.341593791466830453e+03
1.903508066077911565e+00 -2.486029296326671272e+02 -1.341842672222971942e+03
2.222133475700687200e+00 -2.480708355228043160e+02 -1.342187009318725814e+03
2.350629856132847806e+00 -2.474203684592680190e+02 -1.342577142719956328e+03
2.590261799116866825e+00 -2.466580210284582222e+02 -1.343038586009809706e+03
2.732758263532247156e+00 -2.459590638749891127e+02 -1.343362586822169533e+03
3.098642391484744962e+00 -2.452229588013401553e+02 -1.343895536196390140e+03
3.345225908156294281e+00 -2.444540785871068351e+02 -1.344624372095811623e+03
3.855327913829562192e+00 -2.439615576666001004e+02 -1.345684549214384106e+03
4.237482605052818485e+00 -2.434852937357815961e+02 -1.346889512341514774e+03
4.557042452092296969e+00 -2.432346128684727660e+02 -1.348115605284111552e+03
4.926244544344484666e+00 -2.432014430970754688e+02 -1.349238550310809387e+03
5.144862689499980490e+00 -2.432663473638455969e+02 -1.349825099961844444e+03
5.156242413664188007e+00 -2.434492132168112164e+02 -1.350239307699713891e+03
5.135640247313190798e+00 -2.436327748615522921e+02 -1.350488692953796090e+03
5.258798717875151851e+00 -2.439582790606435196e+02 -1.350692881446484080e+03
5.237353773035941629e+00 -2.442407600660825437e+02 -1.350887762650222157e+03
5.221948219614660047e+00 -2.446557553560911060e+02 -1.351144716270491926e+03
5.333265434608279065e+00 -2.451679193394109575e+02 -1.351716746465697724e+03
5.527941679167859945e+00 -2.455533090059171855e+02 -1.352247705421822957e+03
5.469861428334780840e+00 -2.459682340806032244e+02 -1.352655500141311677e+03
5.603705679677560170e+00 -2.461737512055492800e+02 -1.352836821968209733e+03
5.496952990144336582e+00 -2.463993192547418971e+02 -1.352865573197302410e+03
5.344576601042824393e+00 -2.463353547033566429e+02 -1.352824039158484311e+03
5.436294741142134512e+00 -2.461390543242977174e+02 -1.352742977612638242e+03
5.492955696462416881e+00 -2.457141134007684684e+02 -1.352487739248090293e+03
5.453094709803011142e+00 -2.453629713254951241e+02 -1.352247749131566252e+03
5.345358530008631703e+00 -2.449964796239344764e+02 -1.351765438260310702e+03
5.219969661104357783e+00 -2.446415237458571141e+02 -1.351324151139730020e+03
4.970144699847601544e+00 -2.444771626187988716e+02 -1.350706259654178439e+03
4.858531555963878645e+00 -2.444894489483587279e+02 -1.350209257598086879e+03
4.583821649779977747e+00 -2.447857565745952684e+02 -1.349247168500689213e+03
3.988097724583660408e+00 -2.453166962811476992e+02 -1.347925382815539251e+03
3.656482237000794555e+00 -2.459523527929263480e+02 -1.346744249444659317e+03
3.175595079500176610e+00 -2.467847696817295571e+02 -1.345624626719591106e+03
2.663035293881314658e+00 -2.476953810021390723e+02 -1.344717706576703222e+03
2.315124100230391946e+00 -2.485132195744945136e+02 -1.344000130351611688e+03
2.221417482477839656e+00 -2.494314664766145029e+02 -1.343448564080121059e+03
1.595329632816785193e+00 -2.506067888825154171e+02 -1.342470691791233776e+03
8.163029008022562039e-01 -2.514072798922905179e+02 -1.341258620636693649e+03
4.525427542412217008e-01 -2.518327216480659843e+02 -1.340761312750760681e+03
-1.336027451288543944e-01 -2.523908112124830154e+02 -1.340248094137300541e+03
-2.837640949075961316e-01 -2.527706960349727581e+02 -1.340222756082318483e+03
-7.845383001601646811e-02 -2.528639025576930806e+02 -1.340395102503082398e+03
1.081760673527654149e-01 -2.528848030450017745e+02 -1.340651485629795843e+03
4.813622732195739218e-01 -2.529382016086723581e+02 -1.341215673960698268e+03
1.157440845539142060e+00 -2.527917524475903974e+02 -1.342124777080535750e+03
1.699095861966959831e+00 -2.522984416675003274e+02 -1.343252250401440961e+03
2.363441687715948092e+00 -2.514684628422359083e+02 -1.345466410010558320e+03
3.241311206561491076e+00 -2.503999836845805760e+02 -1.347574890549455176e+03
3.626319884783093528e+00 -2.494612385263035605e+02 -1.349306447917375408e+03
3.978078635307539912e+00 -2.488321218733947546e+02 -1.350386635912785096e+03
4.253505794689182551e+00 -2.483224014605068817e+02 -1.351106957657014391e+03
4.475245888643705428e+00 -2.477697375274400429e+02 -1.351617499867417564e+03
4.753736134619664710e+00 -2.472788536479873187e+02 -1.352194112292986802e+03
4.998047994633822100e+00 -2.467248722609318747e+02 -1.352535718201256941e+03
5.276155052850853622e+00 -2.463164744801019879e+02 -1.352901944993515144e+03
5.580224097857744425e+00 -2.458630723455817133e+02 -1.353218994174214004e+03
5.865433377652593094e+00 -2.454709098327012100e+02 -1.353549735479208948e+03
6.157555322760252636e+00 -2.451270035533124485e+02 -1.353657895094855576e+03
6.343566489261220909e+00 -2.447504162513313872e+02 -1.353719808908045479e+03
6.721262973664948959e+00 -2.445059069295829204e+02 -1.353798135159803678e+03
6.896388678348834844e+00 -2.441215618685964728e+02 -1.353796043798071878e+03
7.328432725273536619e+00 -2.437212084542549064e+02 -1.353928470933874451e+03
7.437106774893301520e+00 -2.434466966695737256e+02 -1.353739884385503046e+03
7.576196159358360660e+00 -2.431090347483771552e+02 -1.353591845825426162e+03
7.762093463715821429e+00 -2.426154058113584711e+02 -1.353490396697781989e+03
8.231665199170933533e+00 -2.421075963996627820e+02 -1.353436641766559887e+03
8.976573690340018175e+00 -2.415781388325001444e+02 -1.353589850750866844e+03
9.388108667317375478e+00 -2.413362690612401025e+02 -1.353719498406611137e+03
9.672063899809501208e+00 -2.411352086066021343e+02 -1.353830491296868331e+03
9.793872356040367322e+00 -2.411518783813974665e+02 -1.353877558223739015e+03
1.042923792176100761e+01 -2.413028889440904550e+02 -1.354423809929191748e+03
1.037696261496489569e+01 -2.413024961175604233e+02 -1.354510691372368001e+03
1.076575600458411230e+01 -2.417272111342995231e+02 -1.354904440273468026e+03
1.071543491762088962e+01 -2.423359836545765802e+02 -1.355388642219244730e+03
1.059440700512166700e+01 -2.427833769999613196e+02 -1.355847056978598175e+03
1.068493614771957567e+01 -2.430459184998154001e+02 -1.356229162473216093e+03
1.066652910763255591e+01 -2.433615909870540861e+02 -1.356427260883191138e+03
1.061966061401628281e+01 -2.437278040822677099e+02 -1.356995722471489671e+03
1.093972049850108164e+01 -2.440618230899539185e+02 -1.358010015661908483e+03
1.085992655592534106e+01 -2.441909036559114270e+02 -1.358401460247071554e+03
1.092053052910625155e+01 -2.442151914769700909e+02 -1.358873201027386813e+03
1.117327374910426130e+01 -2.441786645044049919e+02 -1.359138523975044791e+03
1.149269251534222036e+01 -2.440831249545773574e+02 -1.360028613032965723e+03
1.197686969942785851e+01 -2.438770574296862890e+02 -1.360839821962433234e+03
1.270866148997814093e+01 -2.435587561065543127e+02 -1.361483190525902046e+03
1.310202212539346078e+01 -2.434226524099021560e+02 -1.361713452432308941e+03
1.361260015207064811e+01 -2.430184058668927776e+02 -1.361913960253205460e+03
1.442752930683359835e+01 -2.425612728308441319e+02 -1.362314899401545290e+03
1.499665760467079423e+01 -2.422127456498226366e+02 -1.362435448720963905e+03
1.574467552816550153e+01 -2.417406567234040153e+02 -1.362778935583239900e+03
1.592016801777201351e+01 -2.416145824156667459e+02 -1.362698076806974086e+03
1.599396827774385343e+01 -2.416034611227126732e+02 -1.362692585214617566e+03
1.599362147719310201e+01 -2.416064952714151843e+02 -1.362687172858353279e+03
1.614760453282907093e+01 -2.416530354266901099e+02 -1.362688793895163599e+03
1.623382852083794603e+01 -2.416766837230340741e+02 -1.362380984564245182e+03
1.633252237901638892e+01 -2.418349620012671153e+02 -1.361861729090990593e+03
1.650294206863654267e+01 -2.419177802091451497e+02 -1.361152698485886503e+03
1.674813875728622037e+01 -2.418803367832965137e+02 -1.360587317710185516e+03
1.706276239993798782e+01 -2.417736633116769269e+02 -1.360443927628675283e+03
1.742388117641745282e+01 -2.415812009932049307e+02 -1.360390402678906867e+03
1.765480675645690667e+01 -2.414524483179546905e+02 -1.359849584846402877e+03
1.782505275166515446e+01 -2.413288998736488793e+02 -1.359830191449903623e+03
1.816285094174853043e+01 -2.411896143553167917e+02 -1.359723535529807123e+03
1.869059374151751030e+01 -2.410118199965509689e+02 -1.359574231940433265e+03
1.900720452341049338e+01 -2.408120902491241395e+02 -1.359403318706325308e+03
1.935294281162482832e+01 -2.406658801520502209e+02 -1.359379638686137696e+03
1.983415725276564956e+01 -2.403636284997315613e+02 -1.359078765777425360e+03
1.984738303080099797e+01 -2.400429197539998540e+02 -1.358807341064281673e+03
2.009495665108293849e+01 -2.398941347420341401e+02 -1.358767191603584934e+03
2.012060325085750634e+01 -2.398377308778337067e+02 -1.358760310571356058e+03
2.031069770526163865e+01 -2.398313452996949593e+02 -1.358816062232360082e+03
2.035211588547485206e+01 -2.398872943857879818e+02 -1.358838471001713060e+03
2.057782716279832158e+01 -2.398581623634842401e+02 -1.358892358422965117e+03
2.098288427912342513e+01 -2.397664284476965975e+02 -1.358997112696762542e+03
2.149369158060139284e+01 -2.396992415644132848e+02 -1.359266416937010263e+03
2.213224039113000430e+01 -2.395192259551424172e+02 -1.359771937021544318e+03
2.217144079955010483e+01 -2.395416348794269368e+02 -1.359819931081112372e+03
2.194171136055562954e+01 -2.395600641340136576e+02 -1.359749421179617684e+03
2.197987843723692691e+01 -2.395652987272414691e+02 -1.359752417810369934e+03
2.209525341495240269e+01 -2.395639833131316436e+02 -1.359807880473837486e+03
2.207059476779144802e+01 -2.399403806454196797e+02 -1.359911700449075397e+03
2.131176649573645676e+01 -2.405096399791701458e+02 -1.361059271919365301e+03
2.110665523182425574e+01 -2.401432546707795268e+02 -1.362736673242914094e+03
2.122114533709918760e+01 -2.395465799147035000e+02 -1.364225893318431190e+03
2.160813519485061107e+01 -2.393077988880505131e+02 -1.364529582985480602e+03
2.211975511183224086e+01 -2.392318942128219419e+02 -1.364480011151330700e+03
2.248447696893800440e+01 -2.391042731581774774e+02 -1.364536663469916675e+03
2.340115476092248770e+01 -2.389239041683970868e+02 -1.364696030395612297e+03
2.387004525023024826e+01 -2.388193362769191026e+02 -1.364709489970612367e+03
2.484326051779864741e+01 -2.385084244456491831e+02 -1.364920885501883959e+03
2.540728133353985640e+01 -2.383751677139653680e+02 -1.364961414031620279e+03
2.593429930730985689e+01 -2.381339872401614457e+02 -1.365256649609295891e+03
2.671593633346683561e+01 -2.379346425734406409e+02 -1.365517478951884414e+03
2.670068563393145666e+01 -2.378217250173863988e+02 -1.365777998620868857e+03
2.685789122410216123e+01 -2.376741580346974843e+02 -1.366102619390079099e+03
2.705203349058952966e+01 -2.372813055005822207e+02 -1.367076744111340759e+03
2.728475724759758947e+01 -2.369894046982190901e+02 -1.368022447439435155e+03
2.768217436705518253e+01 -2.368860107792798999e+02 -1.368235931157347295e+03
2.800732381758846401e+01 -2.368205021294288315e+02 -1.368267265450030891e+03
2.898480522176551943e+01 -2.367531509518973110e+02 -1.368159537972132284e+03
3.007418499934396650e+01 -2.366767031862392230e+02 -1.367822341694398574e+03
3.110308790189337813e+01 -2.365332326808549794e+02 -1.367119808526722636e+03
3.145416930300580916e+01 -2.365325819455594569e+02 -1.366397439688388886e+03
3.184073746824403628e+01 -2.364902909483579663e+02 -1.366169725592384793e+03
3.183455594790907384e+01 -2.363985852444824332e+02 -1.366111600635618288e+03
3.187153209998233905e+01 -2.363802455627389065e+02 -1.366115369509374659e+03
3.186955345392514261e+01 -2.363846851970918976e+02 -1.366123047577765647e+03
3.196981088304172047e+01 -2.363951041714640269e+02 -1.366132342887716277e+03
3.180521381969012040e+01 -2.363917832217706803e+02 -1.366085821331582338e+03
3.188887562575422763e+01 -2.363888780031701344e+02 -1.366102938008147248e+03
3.175948671740687246e+01 -2.364132347055245589e+02 -1.366061547550084924e+03
3.186026251427918510e+01 -2.366877907147759856e+02 -1.365606789002540154e+03
3.234800071012494982e+01 -2.372665852255258869e+02 -1.364297785926916504e+03
3.315962693831835395e+01 -2.372104123538873921e+02 -1.363123531176121560e+03
3.430702445513639987e+01 -2.366942726341385423e+02 -1.362477952877989992e+03
3.526589490179363651e+01 -2.361611599049606411e+02 -1.362331325481902013e+03
3.592947700563622959e+01 -2.358160188686602794e+02 -1.362416379888579741e+03
3.648351626241382206e+01 -2.354990320684895551e+02 -1.362667819731596182e+03
3.647471026767654223e+01 -2.354308104644915431e+02 -1.362693909472123551e+03
3.666861070608055684e+01 -2.353856403319147717e+02 -1.363030625757653979e+03
3.698852804910097802e+01 -2.351980488474676463e+02 -1.364215869375812417e+03
3.741394444285744214e+01 -2.347528169218872449e+02 -1.365458328037708725e+03
3.804782927606188991e+01 -2.342541137225973671e+02 -1.366561243835712276e+03
3.863105575173894835e+01 -2.337889922061931998e+02 -1.366743710979355910e+03
3.927849984487784241e+01 -2.332602393681097794e+02 -1.366761948867794672e+03
4.005127521732670459e+01 -2.327175222522193394e+02 -1.366711887417741764e+03
4.036945176239823496e+01 -2.322629878407350077e+02 -1.366416836238172209e+03
4.108521202985961907e+01 -2.316561322248272461e+02 -1.366297259323126809e+03
4.159002967936262252e+01 -2.309512520452614979e+02 -1.365867517115161263e+03
4.229126172350365209e+01 -2.302020056685627196e+02 -1.365416913631786883e+03
4.301414573071812697e+01 -2.293127343713711355e+02 -1.365084122962076208e+03
4.357590471576106239e+01 -2.283561934548589818e+02 -1.364574958020928761e+03
4.396718734561711273e+01 -2.276402271817687506e+02 -1.364254161639940776e+03
4.435358263353187169e+01 -2.272580972817406746e+02 -1.363840014114344513e+03
4.441206741137172997e+01 -2.270632916398042482e+02 -1.363262628556401978e+03
4.448507202417349049e+01 -2.269357442477174231e+02 -1.362753350175450805e+03
4.431449306941763666e+01 -2.270608923920742086e+02 -1.361878446016539101e+03
4.407146693470816246e+01 -2.271440693601542193e+02 -1.360746830757899488e+03
4.394496149279103747e+01 -2.272616894414809110e+02 -1.359662193300917579e+03
4.393675106203691882e+01 -2.271179334046233009e+02 -1.358699483204359694e+03
4.382533183481938011e+01 -2.270031457772194869e+02 -1.358288847072250292e+03
4.386387136379656226e+01 -2.269479472471909105e+02 -1.358142601469332249e+03
4.392579369830151848e+01 -2.269265449689366960e+02 -1.358060392373407012e+03
4.378882175971403967e+01 -2.270242957833206106e+02 -1.357678746156381749e+03
4.377304374611475168e+01 -2.269470724994740749e+02 -1.357145967610203115e+03
4.375331744043838000e+01 -2.267024713910812750e+02 -1.356685084103120062e+03
4.390256848660661859e+01 -2.263725085464597839e+02 -1.356388853496147021e+03
4.432463672928244591e+01 -2.258824114480473781e+02 -1.356391749207165958e+03
4.460882893705853292e+01 -2.253826545675435682e+02 -1.356622694738118298e+03
4.510982159078589859e+01 -2.248621106744262477e+02 -1.357261091029287400e+03
4.545336920645531364e+01 -2.243762766051538335e+02 -1.358083268891452462e+03
4.574063447440791208e+01 -2.240213871098481775e+02 -1.358458664319279023e+03
4.583938610719209805e+01 -2.237854898542314572e+02 -1.358465447738846478e+03
4.623922166542917012e+01 -2.232073712488000012e+02 -1.358507652242810764e+03
4.646477524454080310e+01 -2.226216183006547453e+02 -1.358381429100289324e+03
4.648013813787593307e+01 -2.222673589216272205e+02 -1.357725318228554897e+03
4.649039062517739040e+01 -2.221913940961748608e+02 -1.356946205480590834e+03
4.620051370181155903e+01 -2.224333536929584625e+02 -1.355595225459998801e+03
4.602263199510507263e+01 -2.226393854893283617e+02 -1.353874419335031007e+03
4.579277551439894722e+01 -2.226767868550535638e+02 -1.352597052946292706e+03
4.581711668411603000e+01 -2.226126736451096804e+02 -1.351811962157701601e+03
4.567102501469607034e+01 -2.226104459731834027e+02 -1.350798183066653337e+03
4.565336537349010371e+01 -2.225804463867472407e+02 -1.349939571814713418e+03
4.563602995325494760e+01 -2.226368355934278611e+02 -1.348843382382155369e+03
4.553170323684670961e+01 -2.227404625774259443e+02 -1.347394802692386747e+03
4.548733757479286055e+01 -2.229173325054562440e+02 -1.346079268388866012e+03
4.545062415427548785e+01 -2.229263555469692903e+02 -1.345474989501600930e+03
4.539429294605839971e+01 -2.229150981928471822e+02 -1.345245639625382410e+03
4.546184044036338179e+01 -2.229282359784563994e+02 -1.345249317060295880e+03
4.542781161884653329e+01 -2.229415128087237576e+02 -1.345114451998727873e+03
4.535874530766685808e+01 -2.230032609321346797e+02 -1.344233554417864525e+03
4.543212194118495972e+01 -2.230419095957177547e+02 -1.343502657328812575e+03
4.551945751436640819e+01 -2.229477941372201713e+02 -1.342349517037622491e+03
4.556827435950035010e+01 -2.229452020478844645e+02 -1.341642501755846069e+03
4.564748493052189815e+01 -2.229073487233278001e+02 -1.340987065195974992e+03
4.571337729922145598e+01 -2.227946802819778611e+02 -1.340395468567480521e+03
4.578302307963532058e+01 -2.228118377804283341e+02 -1.339481773141636495e+03
4.577892118743724836e+01 -2.228231151151204585e+02 -1.338776332418261291e+03
4.568739351453276498e+01 -2.228887609994987713e+02 -1.337528135081617393e+03
4.561830010134083579e+01 -2.229287087419667159e+02 -1.336476939284626724e+03
4.540402556875682905e+01 -2.229621798326014073e+02 -1.335579891239925018e+03
4.510573545784169625e+01 -2.230472924832127148e+02 -1.334648860144580340e+03
4.506212437435333129e+01 -2.230238887844521400e+02 -1.334294136481800933e+03
4.498744941428358146e+01 -2.230962691925597028e+02 -1.334183145337095993e+03
4.495303531345714987e+01 -2.233022560081280403e+02 -1.333969414216414407e+03
4.440173197003269934e+01 -2.238754664058340893e+02 -1.332567870282235845e+03
4.384998879568124153e+01 -2.243641033607323152e+02 -1.331173887352663542e+03
4.273372156755142726e+01 -2.248189257984608673e+02 -1.329307902812440261e+03
4.171090678391396978e+01 -2.250965170026441058e+02 -1.327839271420764817e+03
4.099609761112526485e+01 -2.252789564729341407e+02 -1.326886092067734808e+03
4.061484898415642419e+01 -2.254571013122359489e+02 -1.326570780093563371e+03
4.034371397990367569e+01 -2.257891027464437457e+02 -1.326497027094675786e+03
3.976603251838278652e+01 -2.262754951161265353e+02 -1.326186545346466573e+03
3.908138602879940038e+01 -2.267214961421973385e+02 -1.325785161603982488e+03
3.866221676097857340e+01 -2.270893810622727642e+02 -1.325677989261868333e+03
3.842662978124864281e+01 -2.273740041414994835e+02 -1.325630964346146584e+03
3.804685610854520661e+01 -2.278323920007473191e+02 -1.325667015076372536e+03
3.760599231735668724e+01 -2.283102720504057288e+02 -1.325556169330463490e+03
3.698051526451928339e+01 -2.287989818172471814e+02 -1.325314554267659787e+03
3.642514115236041050e+01 -2.291931939791909372e+02 -1.325085973055111708e+03
3.574559490921005533e+01 -2.296645041604548112e+02 -1.324723963477722918e+03
3.477869925808404616e+01 -2.302073455009843315e+02 -1.324191066036404663e+03
3.303211051383222241e+01 -2.310373234875938238e+02 -1.322963205808743851e+03
