-0.33182018995285034 -0.033336639404296875 0.3637341260910034
-0.2731744349002838 -0.08044525235891342 0.3418237268924713
-0.229887455701828 -0.08533477783203125 0.43907836079597473
-0.09824264049530029 -0.06542541086673737 0.5945824980735779
0.1404653787612915 -0.060933683067560196 0.5779284834861755
0.19703449308872223 -0.10351699590682983 0.4143933057785034
0.30397963523864746 -0.07595886290073395 0.3582861125469208
0.48248541355133057 0.013086395338177681 0.1978503316640854
0.4630228579044342 0.007515869103372097 -0.042753905057907104
0.3201960325241089 -0.07527831941843033 -0.07565063238143921
0.13797074556350708 -0.12849150598049164 -0.014918212778866291
0.07002697139978409 -0.227527916431427 0.10902831703424454
0.008797974325716496 -0.22632461786270142 0.13629759848117828
-0.08613581210374832 -0.1366308629512787 0.006940918043255806
-0.2933486998081207 -0.10578414797782898 -0.05700439214706421
-0.3716049790382385 -0.0917762741446495 -0.053131103515625
-0.48568591475486755 0.012145080603659153 0.028157958760857582
-0.4691859781742096 0.015062255784869194 0.22880858182907104
-0.3819998800754547 0.04521758854389191 0.45820188522338867
-0.30800315737724304 -0.051389921456575394 0.3679797351360321
