-4.033868346612702993e+01 -2.336128111830692546e+02 -1.315157664650321976e+03
-3.447410978964001771e+01 -2.383236749008773359e+02 -1.317348809551950126e+03
-3.014541163390685341e+01 -2.388126150164881381e+02 -1.307623289054998168e+03
-1.698092952946162626e+01 -2.368216882192003254e+02 -1.292072889507635409e+03
6.889872527063538143e+00 -2.363725080681297470e+02 -1.293738265999492569e+03
1.254678247539818159e+01 -2.406308401594915267e+02 -1.310091843892226962e+03
2.324129878361326718e+01 -2.378750299032641635e+02 -1.315702504576394404e+03
4.109187804801544530e+01 -2.289705025740320536e+02 -1.331746043846624843e+03
3.914562263006074261e+01 -2.295275583835328348e+02 -1.355806558088981092e+03
2.486293783376255817e+01 -2.378069814094970411e+02 -1.359096193192099690e+03
6.640409881142637971e+00 -2.431283004196352238e+02 -1.353022989391120973e+03
-1.539684618016536888e-01 -2.530319332413897655e+02 -1.340628345463527467e+03
-6.276868183674331192e+00 -2.529116090746312011e+02 -1.337901346560574666e+03
-1.577024750803555975e+01 -2.439422253192331880e+02 -1.350837023150787900e+03
-3.649153391754672526e+01 -2.408575566068533647e+02 -1.357231620655689994e+03
-4.431716577358610465e+01 -2.394567656366712640e+02 -1.356844245120186770e+03
-5.572525715997849005e+01 -2.290646415791268282e+02 -1.348715292656491556e+03
-5.407526236943626685e+01 -2.287729130237702577e+02 -1.328650260141787157e+03
-4.535665449183152731e+01 -2.257573877797095179e+02 -1.305710928167938619e+03
-3.795698226867954617e+01 -2.354181438044211632e+02 -1.314733192809397451e+03
