0.10755790770053864 -0.0595579519867897 0.5936523079872131
0.18797343969345093 -0.043282318860292435 0.584423840045929
0.27840933203697205 -0.019103392958641052 0.55938720703125
0.203775092959404 -0.0745127871632576 0.49451902508735657
0.27667123079299927 -0.05230514332652092 0.4560180604457855
0.2058197408914566 -0.12018157541751862 0.3732324242591858
0.286308616399765 -0.08404815196990967 0.3228234648704529
0.33430182933807373 -0.04408218339085579 0.3644702136516571
0.35797423124313354 -0.03898483142256737 0.2878967225551605
0.42279550433158875 0.02555038407444954 0.3050293028354645
0.4623450040817261 0.010425720363855362 0.22483520209789276
0.5073081851005554 0.05539550632238388 0.09326171875
0.5231385231018066 0.07675811648368835 0.0422680638730526
0.48352503776550293 0.03055313043296337 -0.005794677417725325
0.5029440522193909 0.030599365010857582 -0.07152831554412842
0.4262099862098694 -0.03140518069267273 -0.07595458626747131
0.38535720109939575 -0.058074187487363815 -0.08569946140050888
0.3105756640434265 -0.0858917236328125 -0.0784912109375
0.2215535044670105 -0.10159805417060852 -0.05437377840280533
0.1800619661808014 -0.1314515620470047 -0.05744994804263115
0.1522519439458847 -0.10136047005653381 -0.005715331993997097
0.1200428232550621 -0.14712844789028168 8.300781337311491e-05
0.07548866420984268 -0.15127182006835938 0.12203002721071243
0.04703393951058388 -0.22572997212409973 0.1320849508047104
0.008368796668946743 -0.168404683470726 0.15476195514202118
-0.019991444423794746 -0.22796005010604858 0.11869262158870697
-0.04361482337117195 -0.15949279069900513 0.06723877042531967
-0.09151013940572739 -0.15558548271656036 -0.006666259840130806
-0.115183524787426 -0.11778014898300171 -0.008161621168255806
-0.20889201760292053 -0.11663604527711868 -0.06022338569164276
-0.2863023579120636 -0.09919921308755875 -0.053264159709215164
-0.34353139996528625 -0.11061355471611023 -0.0690930187702179
-0.4006742835044861 -0.05906005576252937 -0.035356443375349045
-0.46557238698005676 -0.029550781473517418 -0.02205200120806694
-0.4869194030761719 0.016643524169921875 0.031219482421875
-0.47523871064186096 0.023460693657398224 0.10358276218175888
-0.4762369394302368 0.022112730890512466 0.2080651819705963
-0.4377954304218292 0.023654326796531677 0.28724852204322815
-0.38436225056648254 -0.029439391568303108 0.28526610136032104
-0.3838809132575989 0.01563766412436962 0.3553808629512787
-0.33321860432624817 -0.04166870191693306 0.3316394090652466
-0.32824286818504333 -0.012996215373277664 0.42383909225463867
-0.29254502058029175 -0.06006942689418793 0.3698364198207855
-0.19482335448265076 -0.10892623662948608 0.33442991971969604
-0.23009876906871796 -0.07667678594589233 0.45473021268844604
-0.16763006150722504 -0.0893278494477272 0.49934324622154236
-0.11194301396608353 -0.11805678904056549 0.44835326075553894
-0.10387727618217468 -0.14232131838798523 0.3505187928676605
-0.009792422875761986 -0.14711852371692657 0.3440893590450287
0.02863655984401703 -0.14154236018657684 0.27045533061027527
